0.00497677 0.00508222 0.00538794 0.00582191 0.00632031 0.00683555 0.0073306 0.0077768 0.00815151 0.00843619 0.00861501 0.0086738 0.00859936 0.00837897 0.00799997 0.00744959 0.00671471 0.0057818 0.00463686 0.00326539 0.00165238 -0.000217663 -0.00236072 -0.00479326 -0.00753233 -0.0105957 -0.014002 -0.0177714 -0.0219259 -0.0264908 -0.0314956 -0.0369766 -0.0429797 -0.0495651 -0.0568135 -0.0648361 -0.0737889 -0.0838953 -0.0954825 -0.109041 -0.125329 -0.145563 -0.171786 -0.20759 -0.259644 -0.341009 -0.476381 -0.711045 -1.17844 -2.12986 
0.00487123 0.0049766 0.00521639 0.00554357 0.00591619 0.00629891 0.00666149 0.00697838 0.00722797 0.00739164 0.00745295 0.00739694 0.00720956 0.00687729 0.00638682 0.00572478 0.00487763 0.00383148 0.00257205 0.00108461 -0.000646098 -0.00263585 -0.00490106 -0.00745884 -0.0103272 -0.0135253 -0.0170738 -0.0209958 -0.0253172 -0.0300685 -0.0352866 -0.0410172 -0.047319 -0.0542686 -0.0619691 -0.0705606 -0.0802376 -0.0912741 -0.104062 -0.119171 -0.137442 -0.160137 -0.18917 -0.227453 -0.279373 -0.351407 -0.451971 -0.587261 -0.758223 -0.948517 
0.00456665 0.00473583 0.00497316 0.00526597 0.00558592 0.00590437 0.00619658 0.00644043 0.00661624 0.00670643 0.00669497 0.00656698 0.00630833 0.00590528 0.00534431 0.00461183 0.00369409 0.00257704 0.00124625 -0.000313129 -0.00211648 -0.00417973 -0.00651948 -0.00915312 -0.012099 -0.015377 -0.0190084 -0.0230173 -0.0274309 -0.0322816 -0.037608 -0.0434584 -0.0498939 -0.0569938 -0.0648626 -0.0736401 -0.0835157 -0.094748 -0.107694 -0.122847 -0.140896 -0.162793 -0.189841 -0.22376 -0.26666 -0.320638 -0.38639 -0.461215 -0.522976 -0.475204 
0.00414001 0.0044105 0.00467444 0.00496214 0.00525746 0.00553696 0.00578127 0.00597189 0.0060915 0.00612402 0.0060543 0.00586795 0.00555106 0.00508999 0.00447115 0.00368092 0.00270544 0.0015306 0.000141879 -0.00147564 -0.00333738 -0.00545932 -0.00785811 -0.0105512 -0.0135569 -0.016895 -0.0205871 -0.0246569 -0.0291317 -0.0340431 -0.0394289 -0.0453356 -0.0518212 -0.0589594 -0.0668454 -0.075603 -0.0853946 -0.0964335 -0.109 -0.123461 -0.140286 -0.160064 -0.183488 -0.211278 -0.243963 -0.281257 -0.320562 -0.357021 -0.372565 -0.285249 
0.00366048 0.00404562 0.00435093 0.00465028 0.00493814 0.0051951 0.0054067 0.00555794 0.00563392 0.00562024 0.00550288 0.00526816 0.0049026 0.00439278 0.00372526 0.00288643 0.00186245 0.00063917 -0.000797934 -0.0024638 -0.00437382 -0.00654393 -0.00899064 -0.0117312 -0.0147836 -0.0181672 -0.0219028 -0.0260131 -0.0305237 -0.035464 -0.0408684 -0.0467782 -0.0532439 -0.060328 -0.0681086 -0.076684 -0.0861777 -0.0967439 -0.108573 -0.121892 -0.136961 -0.15405 -0.173374 -0.194965 -0.218412 -0.242296 -0.263007 -0.275516 -0.266799 -0.181079 
0.00317998 0.00367854 0.0040323 0.00435431 0.0046475 0.00489531 0.00508742 0.00521192 0.00525622 0.0052076 0.00505325 0.00478033 0.0043759 0.00382693 0.00312017 0.00224215 0.00117908 -8.3145e-05 -0.00155904 -0.00326349 -0.00521181 -0.00741976 -0.00990358 -0.0126801 -0.0157667 -0.0191817 -0.0229444 -0.0270757 -0.0315984 -0.0365379 -0.0419232 -0.0477877 -0.0541712 -0.0611207 -0.0686928 -0.0769548 -0.0859865 -0.0958795 -0.106735 -0.118655 -0.131722 -0.145962 -0.161269 -0.177272 -0.193113 -0.207041 -0.215638 -0.214919 -0.19623 -0.122903 
0.00273796 0.00334 0.00374273 0.0040923 0.00439808 0.00464541 0.00482726 0.00493438 0.00495618 0.00488152 0.00469877 0.00439596 0.00396077 0.00338056 0.00264238 0.0017329 0.000638456 -0.000655033 -0.00216201 -0.00389729 -0.00587605 -0.00811381 -0.0106264 -0.01343 -0.0165411 -0.0199767 -0.0237541 -0.0278916 -0.032408 -0.0373239 -0.0426611 -0.0484438 -0.0546988 -0.0614558 -0.0687479 -0.0766107 -0.0850807 -0.094192 -0.103968 -0.114409 -0.125467 -0.137004 -0.148724 -0.160064 -0.170035 -0.176962 -0.178051 -0.17057 -0.149205 -0.0897632 
0.00236319 0.00305413 0.00350202 0.00387968 0.00420115 0.00445292 0.00463054 0.00472684 0.00473293 0.00463907 0.00443472 0.00410871 0.00364933 0.00304437 0.00228116 0.00134656 0.000226972 -0.0010916 -0.00262354 -0.00438358 -0.00638674 -0.00864825 -0.0111834 -0.0140077 -0.0171365 -0.020585 -0.0243683 -0.0285013 -0.0329987 -0.037875 -0.0431443 -0.0488205 -0.0549167 -0.061445 -0.0684153 -0.0758331 -0.0836965 -0.0919904 -0.100677 -0.109681 -0.118865 -0.127997 -0.136688 -0.144321 -0.149946 -0.152139 -0.148788 -0.138198 -0.117261 -0.0696039 
0.00207595 0.00283911 0.00332566 0.00372889 0.00406611 0.0043244 0.00450118 0.0045909 0.00458605 0.00447805 0.0042573 0.00391335 0.00343506 0.0028106 0.00202756 0.00107294 -6.67566e-05 -0.00140548 -0.0029576 -0.00473776 -0.00676082 -0.00904169 -0.0115952 -0.0144358 -0.0175778 -0.0210344 -0.0248181 -0.0289404 -0.0334112 -0.0382386 -0.0434287 -0.0489848 -0.0549066 -0.0611891 -0.0678208 -0.0747808 -0.0820347 -0.0895283 -0.0971783 -0.104859 -0.11238 -0.119461 -0.12569 -0.130473 -0.132982 -0.132084 -0.126266 -0.114589 -0.0952837 -0.0567812 
0.00188999 0.00270811 0.00322523 0.00364948 0.00400026 0.00426492 0.00444216 0.00452764 0.00451489 0.00439626 0.00416292 0.00380506 0.00331197 0.00267216 0.00187343 0.000902895 -0.0002529 -0.00160792 -0.00317652 -0.00497333 -0.00701306 -0.00931032 -0.0118794 -0.0147339 -0.0178867 -0.0213491 -0.025131 -0.0292401 -0.0336813 -0.0384565 -0.0435637 -0.0489958 -0.05474 -0.0607756 -0.0670722 -0.0735865 -0.0802583 -0.0870042 -0.0937094 -0.100217 -0.106311 -0.111699 -0.115984 -0.118634 -0.118968 -0.116129 -0.109075 -0.0973737 -0.0800419 -0.0484932 
0.00181412 0.00267018 0.00320898 0.00364838 0.00400901 0.00427825 0.00445565 0.00453769 0.00451867 0.00439165 0.00414839 0.00377957 0.00327485 0.00262298 0.00181188 0.000828737 -0.00033995 -0.0017082 -0.00329044 -0.00510132 -0.00715547 -0.00946726 -0.0120504 -0.0149179 -0.0180809 -0.021549 -0.0253292 -0.0294256 -0.0338384 -0.0385632 -0.04359 -0.0489024 -0.0544756 -0.0602754 -0.0662552 -0.0723537 -0.0784905 -0.0845619 -0.0904335 -0.0959323 -0.100836 -0.104859 -0.107641 -0.108731 -0.107589 -0.103592 -0.0960469 -0.0848443 -0.0694486 -0.0431938 
0.00185341 0.00273107 0.00328235 0.0037303 0.00409605 0.00436693 0.004543 0.00462123 0.00459649 0.00446231 0.0042109 0.00383328 0.00331936 0.00265804 0.00183729 0.000844245 -0.000334682 -0.00171366 -0.00330727 -0.00513024 -0.00719724 -0.00952244 -0.0121192 -0.0149995 -0.0181734 -0.0216487 -0.0254296 -0.0295166 -0.0339052 -0.0385851 -0.0435392 -0.048742 -0.0541586 -0.0597425 -0.0654341 -0.0711576 -0.0768182 -0.0822985 -0.0874535 -0.092105 -0.0960355 -0.0989811 -0.100626 -0.100599 -0.0984892 -0.0938565 -0.0862592 -0.0757828 -0.0621438 -0.0399732 
0.00201002 0.00289387 0.00344848 0.003898 0.00426355 0.00453239 0.00470479 0.00477804 0.00474732 0.00460648 0.00434801 0.00396315 0.00344194 0.00277332 0.00194522 0.000944629 -0.000242221 -0.00162974 -0.00323276 -0.00506621 -0.00714485 -0.00948281 -0.0120931 -0.014987 -0.0181735 -0.0216585 -0.0254438 -0.0295264 -0.0338975 -0.0385413 -0.0434339 -0.0485418 -0.0538211 -0.059215 -0.0646532 -0.0700488 -0.075297 -0.0802721 -0.0848248 -0.0887792 -0.09193 -0.09404 -0.0948404 -0.0940349 -0.0913176 -0.0863919 -0.0789918 -0.0693141 -0.0572179 -0.0382571 
0.00228393 0.00315954 0.00370857 0.00415263 0.00451235 0.00477503 0.00494094 0.00500748 0.00496999 0.00482249 0.00455762 0.00416669 0.00363977 0.00296573 0.00213235 0.00112641 -6.61685e-05 -0.00146015 -0.00307069 -0.00491307 -0.00700226 -0.00935245 -0.0119765 -0.0148851 -0.0180862 -0.0215842 -0.0253785 -0.029463 -0.0338249 -0.0384432 -0.043288 -0.0483187 -0.0534832 -0.0587165 -0.0639393 -0.0690567 -0.0739569 -0.0785102 -0.0825674 -0.0859592 -0.0884963 -0.08997 -0.0901564 -0.088824 -0.0857534 -0.080755 -0.0736852 -0.0648008 -0.0540427 -0.0376554 
0.00267335 0.00352728 0.00406222 0.0044939 0.00484215 0.00509437 0.00525069 0.00530849 0.00526315 0.00510871 0.00483783 0.00444181 0.00391061 0.00323295 0.00239636 0.00138728 0.000191223 -0.00120701 -0.00282306 -0.00467266 -0.00677115 -0.00913292 -0.0117708 -0.0146951 -0.017913 -0.0214274 -0.0252358 -0.0293292 -0.0336911 -0.0382958 -0.0431078 -0.0480804 -0.0531546 -0.0582581 -0.0633046 -0.0681931 -0.0728077 -0.0770169 -0.0806749 -0.0836214 -0.0856843 -0.0866829 -0.0864336 -0.0847602 -0.081512 -0.0765791 -0.069903 -0.0617698 -0.0521692 -0.0378865 
0.00317513 0.00399488 0.00450768 0.00492034 0.0052516 0.00548908 0.00563268 0.00567963 0.00562523 0.00546347 0.00518693 0.00478675 0.00425273 0.00357331 0.00273568 0.00172585 0.000528826 -0.000871168 -0.00249038 -0.0043451 -0.00645121 -0.00882349 -0.0114749 -0.0144156 -0.0176522 -0.0211864 -0.0250138 -0.0291231 -0.0334943 -0.0380976 -0.0428926 -0.0478269 -0.0528355 -0.05784 -0.0627486 -0.0674557 -0.0718426 -0.0757786 -0.0791222 -0.0817234 -0.0834273 -0.0840791 -0.0835306 -0.0816513 -0.0783448 -0.073561 -0.0673008 -0.0598618 -0.0512655 -0.0387363 
0.00378488 0.00455884 0.00504196 0.00542934 0.00573837 0.00595703 0.00608488 0.00611894 0.00605436 0.00588497 0.00560317 0.00519989 0.00466465 0.00398555 0.00314934 0.00214148 0.000946384 -0.000452414 -0.00207189 -0.00392907 -0.00604051 -0.00842154 -0.0110855 -0.0140426 -0.017299 -0.0208557 -0.0247067 -0.0288385 -0.033228 -0.0378419 -0.0426353 -0.0475508 -0.052518 -0.0574534 -0.0622605 -0.0668302 -0.0710425 -0.074768 -0.0778705 -0.0802104 -0.081649 -0.0820545 -0.0813095 -0.0793211 -0.0760357 -0.0714482 -0.0656019 -0.0587966 -0.051077 -0.0400349 
0.00449716 0.00521456 0.005661 0.00601729 0.00629922 0.00649528 0.00660462 0.00662398 0.00654828 0.00637114 0.00608469 0.0056796 0.00514503 0.00446865 0.00363667 0.00263397 0.00144423 5.01983e-05 -0.00156596 -0.00342215 -0.00553577 -0.00792291 -0.0105974 -0.0135699 -0.0168465 -0.0204273 -0.0243054 -0.0284653 -0.0328814 -0.0375171 -0.0423233 -0.0472383 -0.052187 -0.0570813 -0.0618205 -0.066293 -0.0703779 -0.0739476 -0.0768713 -0.0790191 -0.0802672 -0.0805042 -0.0796387 -0.0776088 -0.0743953 -0.0700272 -0.0645795 -0.0583494 -0.0514009 -0.0416416 
0.00530553 0.00595638 0.00635972 0.0066796 0.00693004 0.00710012 0.00718853 0.00719169 0.00710425 0.00691953 0.00662936 0.00622407 0.00569241 0.00502155 0.00419712 0.00320331 0.002023 0.000638033 -0.000970388 -0.0028212 -0.00493282 -0.00732227 -0.0100042 -0.0129898 -0.0162853 -0.0198906 -0.0237979 -0.0279902 -0.0324397 -0.0371068 -0.0419389 -0.0468701 -0.0518211 -0.0566995 -0.0614012 -0.0658122 -0.0698107 -0.0732713 -0.076068 -0.07808 -0.0791965 -0.0793238 -0.0783926 -0.0763672 -0.0732556 -0.0691143 -0.0640429 -0.0583341 -0.0520699 -0.0434353 
0.0062025 0.0067776 0.00713199 0.00741072 0.00762578 0.00776698 0.00783249 0.00781836 0.00771891 0.00752715 0.00723456 0.00683108 0.00630499 0.00564294 0.00482992 0.00384937 0.00268328 0.00131253 -0.000282766 -0.00212271 -0.0042269 -0.00661351 -0.00929822 -0.012293 -0.0156045 -0.0192329 -0.0231697 -0.0273968 -0.0318845 -0.0365907 -0.0414594 -0.0464212 -0.0513927 -0.0562776 -0.0609683 -0.0653484 -0.0692957 -0.0726861 -0.0753983 -0.0773189 -0.0783489 -0.0784097 -0.0774513 -0.0754594 -0.0724652 -0.0685477 -0.0638268 -0.0585909 -0.05294 -0.0453079 
0.00717956 0.00767052 0.00797074 0.00820415 0.00838051 0.00849045 0.00853157 0.0084995 0.00838823 0.00819038 0.00789708 0.00749783 0.00698045 0.00633101 0.00553385 0.0045716 0.00342534 0.00207488 0.000499152 -0.00132321 -0.00341315 -0.00579018 -0.00847126 -0.0114694 -0.0147922 -0.0184399 -0.0224042 -0.0266661 -0.0311944 -0.0359447 -0.0408583 -0.0458621 -0.050869 -0.0557789 -0.0604809 -0.064856 -0.068781 -0.0721329 -0.074794 -0.0766575 -0.0776342 -0.077659 -0.0766981 -0.0747562 -0.0718844 -0.0681809 -0.0637838 -0.058978 -0.0538826 -0.0471588 
0.00822712 0.00862638 0.00886787 0.00905241 0.00918737 0.00926423 0.00927999 0.00922982 0.00910733 0.00890478 0.00861289 0.00822074 0.00771568 0.00708319 0.00630693 0.00536873 0.00424871 0.00292559 0.00137705 -0.000419681 -0.00248701 -0.00484598 -0.00751503 -0.0105086 -0.0138352 -0.0174962 -0.0214832 -0.0257769 -0.0303451 -0.0351414 -0.0401046 -0.0451585 -0.050212 -0.0551614 -0.0598923 -0.0642829 -0.0682084 -0.0715464 -0.0741816 -0.0760129 -0.0769595 -0.076968 -0.0760189 -0.0741337 -0.0713812 -0.0678776 -0.0637778 -0.0593651 -0.0547785 -0.0488917 
0.00933446 0.00963539 0.00981427 0.00994708 0.0100386 0.0100811 0.010071 0.0100031 0.00987045 0.009665 0.00937706 0.00899531 0.00850661 0.0078959 0.00714618 0.00623846 0.00515194 0.0038642 0.00235163 0.000590006 -0.00144468 -0.00377518 -0.00642163 -0.00940007 -0.0127206 -0.0163855 -0.0203872 -0.0247063 -0.0293101 -0.0341505 -0.0391643 -0.0442718 -0.0493789 -0.0543776 -0.0591499 -0.0635709 -0.0675137 -0.0708553 -0.0734824 -0.0752981 -0.0762289 -0.0762315 -0.0752995 -0.0734699 -0.0708281 -0.0675074 -0.0636797 -0.0596282 -0.0555135 -0.0504109 
0.0104897 0.0106867 0.0107999 0.0108788 0.0109253 0.0109329 0.0108971 0.0108122 0.0106709 0.0104647 0.0101836 0.00981591 0.00934801 0.00876436 0.00804732 0.00717716 0.00613217 0.00488883 0.00342221 0.0017066 -0.000283694 -0.00257325 -0.00518413 -0.00813427 -0.0114355 -0.0150917 -0.0190963 -0.0234305 -0.0280612 -0.0329394 -0.0379997 -0.04316 -0.0483223 -0.0533749 -0.0581957 -0.0626561 -0.0666265 -0.0699827 -0.072612 -0.074421 -0.0753422 -0.0753415 -0.0744248 -0.0726433 -0.0700991 -0.0669426 -0.0633632 -0.0596459 -0.0559746 -0.0516195 
0.0116799 0.0117685 0.0118136 0.0118372 0.011838 0.0118106 0.0117496 0.0116489 0.0115008 0.0112964 0.0110254 0.0106757 0.0102333 0.00968235 0.00900457 0.0081796 0.00718487 0.00599582 0.00458628 0.00292901 0.00099661 -0.00123743 -0.00379726 -0.00670294 -0.00996845 -0.0135995 -0.017591 -0.0219253 -0.0265693 -0.0314737 -0.0365713 -0.0417776 -0.0469912 -0.0520963 -0.0569664 -0.0614689 -0.0654708 -0.0688455 -0.0714804 -0.0732842 -0.0741948 -0.0741863 -0.0732762 -0.0715304 -0.0690671 -0.0660548 -0.0627016 -0.0592959 -0.0560474 -0.052417 
0.0128908 0.0128679 0.0128436 0.0128111 0.0127662 0.0127042 0.0126191 0.0125042 0.0123514 0.0121515 0.011894 0.0115664 0.0111545 0.0106421 0.0100104 0.00923867 0.00830348 0.00717939 0.00583905 0.00425378 0.00239447 0.000232627 -0.00225809 -0.00510009 -0.00830975 -0.011895 -0.0158529 -0.020167 -0.0248054 -0.0297184 -0.0348378 -0.0400769 -0.0453311 -0.0504806 -0.0553942 -0.0599346 -0.0639647 -0.0673549 -0.0699916 -0.0717846 -0.0726764 -0.0726491 -0.0717314 -0.0700038 -0.0676018 -0.064713 -0.0615654 -0.0584532 -0.0556133 -0.0526975 
0.0141074 0.0139713 0.0138771 0.0137886 0.0136985 0.013603 0.0134953 0.013368 0.0132129 0.0130205 0.0127798 0.0124785 0.0121021 0.011634 0.0110555 0.0103452 0.00947918 0.00843127 0.00717308 0.00567462 0.00390512 0.00183417 -0.000566852 -0.00332285 -0.00645282 -0.00996736 -0.0138659 -0.0181342 -0.0227416 -0.027639 -0.0327577 -0.0380091 -0.0432857 -0.0484638 -0.0534073 -0.0579738 -0.0620213 -0.0654165 -0.0680436 -0.0698131 -0.0706712 -0.0706074 -0.0696621 -0.067931 -0.0655678 -0.0627808 -0.05982 -0.0569868 -0.054548 -0.0523484 
0.0153137 0.0150642 0.0149007 0.0147572 0.0146231 0.0144955 0.014367 0.0142295 0.0140746 0.0138925 0.0136721 0.0134011 0.0130649 0.012647 0.0121285 0.0114877 0.0107007 0.00974043 0.00857787 0.00718188 0.00552023 0.00356063 0.00127224 -0.00137242 -0.00439516 -0.00780954 -0.0116179 -0.0158086 -0.0203529 -0.0252031 -0.0302905 -0.0355254 -0.0407978 -0.0459801 -0.0509313 -0.0555035 -0.0595493 -0.0629308 -0.0655291 -0.0672547 -0.0680568 -0.0679324 -0.0669337 -0.0651726 -0.0628228 -0.0601148 -0.057323 -0.0547581 -0.052719 -0.0512483 
0.0164929 0.0161319 0.0159006 0.0157039 0.0155276 0.01537 0.0152227 0.0150773 0.0149249 0.0147558 0.014559 0.0143219 0.0140304 0.013668 0.0132159 0.0126526 0.011954 0.0110929 0.0100396 0.00876223 0.00722732 0.00540093 0.00325012 0.000744876 -0.00213957 -0.00541994 -0.0091019 -0.0131769 -0.017619 -0.0223823 -0.0273993 -0.0325797 -0.0378115 -0.0429637 -0.0478906 -0.0524386 -0.0564542 -0.0597941 -0.0623358 -0.0639887 -0.0647048 -0.0644885 -0.0634043 -0.0615816 -0.0592158 -0.0565625 -0.0539229 -0.0516186 -0.0499838 -0.0492663 
0.017628 0.0171591 0.0168627 0.0166154 0.0163995 0.0162142 0.0160504 0.0158992 0.0157517 0.0155981 0.0154275 0.0152277 0.0149846 0.0146824 0.0143025 0.0138239 0.0132225 0.0124714 0.0115408 0.0103982 0.00900932 0.00733887 0.00535208 0.00301654 0.000304599 -0.00280381 -0.00631796 -0.0102329 -0.0145262 -0.0191548 -0.0240527 -0.0291304 -0.0342746 -0.0393516 -0.0442111 -0.0486938 -0.0526399 -0.0559001 -0.0583475 -0.0598896 -0.0604808 -0.0601329 -0.0589236 -0.0570014 -0.0545857 -0.0519602 -0.0494559 -0.0474075 -0.0461875 -0.0462595 
0.0187018 0.0181306 0.0177732 0.0174786 0.0172262 0.0170159 0.0168379 0.0166832 0.0165426 0.0164065 0.0162642 0.016104 0.0159124 0.0156741 0.0153712 0.0149833 0.0144871 0.013856 0.0130605 0.0120681 0.0108442 0.00935255 0.00755696 0.00542294 0.0029201 2.50807e-05 -0.00327519 -0.00697984 -0.0110704 -0.0155075 -0.0202281 -0.025144 -0.030142 -0.0350862 -0.0398227 -0.0441866 -0.0480116 -0.0511421 -0.0534458 -0.054828 -0.0552449 -0.0547159 -0.0533329 -0.0512655 -0.0487597 -0.0461309 -0.043744 -0.0419492 -0.0411608 -0.0420718 
0.0196975 0.0190319 0.0186184 0.0182807 0.0179954 0.017763 0.0175733 0.0174169 0.0172849 0.0171677 0.0170551 0.0169361 0.0167979 0.016626 0.0164034 0.016111 0.0157261 0.0152233 0.0145739 0.0137459 0.0127048 0.0114141 0.00983662 0.0079364 0.00568068 0.00304298 6.45974e-06 -0.00343233 -0.00725951 -0.0114401 -0.015915 -0.0205986 -0.0253791 -0.0301196 -0.0346634 -0.0388407 -0.0424789 -0.0454155 -0.0475127 -0.0486727 -0.0488532 -0.0480814 -0.0464645 -0.0441955 -0.0415507 -0.0388815 -0.0365915 -0.0350492 -0.0347157 -0.0365307 
0.0205991 0.0198489 0.0193855 0.0190097 0.0186956 0.0184443 0.0182452 0.0180888 0.0179663 0.0178687 0.0177864 0.0177089 0.0176246 0.01752 0.0173796 0.0171852 0.016916 0.0165478 0.0160532 0.0154015 0.0145588 0.0134893 0.0121556 0.0105206 0.00855003 0.00621471 0.00349425 0.00038088 -0.00311643 -0.00696782 -0.011119 -0.0154885 -0.019967 -0.0244185 -0.0286844 -0.032591 -0.0359601 -0.0386224 -0.040434 -0.0412934 -0.0411596 -0.0400678 -0.0381418 -0.0356007 -0.0327555 -0.0299994 -0.0277805 -0.0264902 -0.026642 -0.0294448 
0.0213917 0.020569 0.0200629 0.0196548 0.0193163 0.0190493 0.0188429 0.0186877 0.0185753 0.0184971 0.0184443 0.0184075 0.0183761 0.0183381 0.0182793 0.0181836 0.0180318 0.0178016 0.0174677 0.017001 0.0163695 0.0155383 0.0144709 0.0131304 0.0114812 0.00949261 0.00714108 0.00441486 0.00131797 -0.00212529 -0.00586632 -0.00982898 -0.013908 -0.0179698 -0.0218558 -0.0253897 -0.0283885 -0.0306766 -0.0321038 -0.0325645 -0.0320186 -0.0305096 -0.0281794 -0.0252764 -0.0221519 -0.0192479 -0.017066 -0.0160254 -0.016701 -0.0205992 
0.0220622 0.0211811 0.0206406 0.0202065 0.0198484 0.019569 0.0193572 0.019204 0.0191013 0.0190414 0.0190163 0.0190178 0.0190366 0.0190623 0.0190826 0.0190834 0.0190477 0.0189557 0.0187845 0.0185078 0.0180957 0.0175158 0.0167331 0.0157117 0.0144166 0.012816 0.0108844 0.00860665 0.00598229 0.00302996 -0.000207954 -0.00366163 -0.00723145 -0.0107879 -0.0141743 -0.0172138 -0.0197197 -0.0215111 -0.0224315 -0.0223711 -0.0212901 -0.0192405 -0.0163842 -0.0130031 -0.00949513 -0.00636126 -0.00416767 -0.00336989 -0.00461645 -0.00974913 
0.0225999 0.0216761 0.0211106 0.0206572 0.0202846 0.019996 0.0197805 0.0196293 0.0195353 0.0194915 0.019491 0.0195268 0.0195913 0.0196757 0.01977 0.0198622 0.019938 0.0199806 0.0199701 0.0198832 0.0196937 0.0193721 0.0188863 0.0182029 0.0172883 0.0161112 0.0146456 0.0128742 0.0107926 0.00841458 0.00577612 0.00294016 -4.73376e-07 -0.00292208 -0.00567203 -0.00807463 -0.0099416 -0.0110877 -0.0113508 -0.0106167 -0.00884554 -0.00609807 -0.0025581 0.00145443 0.00548587 0.00896363 0.0112405 0.011812 0.00993751 0.00338894 
0.0229966 0.0220478 0.0214672 0.0210018 0.0206197 0.020325 0.0201068 0.0199573 0.0198701 0.0198391 0.0198587 0.0199234 0.0200271 0.0201631 0.0203236 0.0204991 0.0206783 0.0208476 0.0209907 0.0210883 0.0211182 0.021055 0.0208708 0.0205358 0.0200196 0.0192931 0.0183313 0.0171163 0.0156418 0.0139174 0.0119735 0.00986637 0.00768131 0.00553494 0.00357414 0.00197123 0.000914144 0.000590927 0.00116838 0.0027653 0.00542198 0.0090688 0.0134982 0.0183464 0.0230931 0.0270764 0.029545 0.0299251 0.0273557 0.0191506 
0.0232476 0.0222927 0.0217074 0.0212376 0.0208512 0.020553 0.0203329 0.0201839 0.0201006 0.0200781 0.0201121 0.0201986 0.0203333 0.0205116 0.0207278 0.0209754 0.0212461 0.0215299 0.0218145 0.0220852 0.0223243 0.0225117 0.0226246 0.0226384 0.0225274 0.0222668 0.0218344 0.0212143 0.0203998 0.0193988 0.0182376 0.0169666 0.0156642 0.0144393 0.0134319 0.0128094 0.0127574 0.0134652 0.0151036 0.0177957 0.0215831 0.0263878 0.0319765 0.0379353 0.0436633 0.0483854 0.0512126 0.0514705 0.0481303 0.0379438 
0.0233518 0.0224107 0.0218317 0.0213648 0.020979 0.0206796 0.0204578 0.0203074 0.0202243 0.0202049 0.0202463 0.0203461 0.0205019 0.0207108 0.02097 0.0212754 0.0216222 0.022004 0.0224128 0.0228387 0.0232695 0.0236909 0.0240863 0.0244377 0.0247257 0.0249316 0.0250387 0.0250351 0.024917 0.0246929 0.024388 0.0240488 0.0237483 0.023589 0.0237039 0.0242546 0.0254236 0.0274003 0.0303589 0.0344279 0.0396512 0.0459439 0.0530466 0.0604881 0.0675702 0.0733723 0.0768191 0.0770852 0.0728961 0.0602812 
0.0233123 0.0224054 0.0218436 0.0213868 0.0210061 0.0207074 0.0204832 0.0203287 0.0202412 0.0202186 0.0202593 0.0203626 0.0205278 0.0207542 0.0210412 0.0213875 0.0217916 0.0222507 0.0227614 0.0233187 0.0239162 0.024546 0.0251987 0.0258636 0.0265296 0.0271858 0.0278231 0.0284369 0.0290291 0.0296123 0.0302141 0.0308809 0.0316835 0.0327203 0.0341195 0.0360382 0.0386562 0.0421636 0.0467391 0.0525185 0.0595517 0.0677504 0.0768307 0.0862591 0.0952207 0.102607 0.107086 0.107602 0.102502 0.0868321 
0.0231369 0.0222846 0.0217504 0.0213104 0.0209385 0.0206415 0.0204135 0.0202515 0.0201541 0.0201209 0.0201518 0.0202477 0.0204095 0.0206387 0.0209365 0.0213046 0.0217443 0.0222566 0.0228423 0.0235015 0.0242337 0.0250377 0.0259116 0.0268533 0.0278605 0.0289322 0.0300692 0.0312764 0.0325651 0.033956 0.0354832 0.037198 0.0391737 0.0415093 0.0443326 0.0477999 0.0520919 0.0574028 0.0639197 0.0717911 0.0810802 0.0917043 0.103362 0.115457 0.127039 0.136759 0.14293 0.144139 0.138127 0.118512 
0.0228382 0.0220603 0.0215632 0.0211457 0.0207854 0.0204899 0.0202557 0.0200817 0.0199682 0.0199163 0.0199275 0.0200043 0.020149 0.020365 0.0206555 0.0210245 0.021476 0.0220145 0.0226447 0.0233717 0.0242004 0.0251365 0.0261858 0.0273549 0.0286514 0.030085 0.0316683 0.0334181 0.0353582 0.0375214 0.039953 0.0427145 0.0458881 0.0495803 0.0539253 0.0590858 0.0652507 0.0726259 0.081416 0.0917933 0.103849 0.117523 0.132516 0.148181 0.163423 0.176594 0.185518 0.188232 0.181478 0.156645 
0.0224343 0.0217488 0.021297 0.0209061 0.0205585 0.0202632 0.0200193 0.0198278 0.019691 0.0196116 0.0195927 0.019638 0.0197515 0.0199378 0.0202021 0.0205501 0.0209883 0.0215242 0.0221659 0.0229228 0.0238053 0.0248251 0.0259956 0.0273319 0.0288517 0.0305761 0.0325302 0.0347447 0.0372581 0.0401187 0.0433876 0.0471424 0.0514809 0.0565251 0.0624248 0.0693597 0.0775384 0.0871917 0.0985576 0.111852 0.127221 0.144661 0.163914 0.18432 0.204657 0.222935 0.236322 0.242027 0.235128 0.20329 
0.0219492 0.0213716 0.0209709 0.0206083 0.0202727 0.0199744 0.0197157 0.0195001 0.019332 0.0192157 0.0191559 0.0191574 0.0192253 0.0193656 0.0195845 0.0198895 0.020289 0.0207926 0.0214115 0.0221586 0.0230489 0.0240997 0.0253309 0.0267659 0.0284318 0.0303607 0.0325906 0.0351667 0.0381436 0.0415873 0.0455784 0.0502152 0.0556177 0.0619316 0.0693328 0.0780303 0.0882676 0.100319 0.114481 0.131042 0.150246 0.172204 0.196775 0.223376 0.250739 0.27654 0.297138 0.308547 0.303095 0.261915 
0.0214133 0.0209546 0.0206075 0.020272 0.0199448 0.0196381 0.0193578 0.0191103 0.0189021 0.0187392 0.0186276 0.0185729 0.0185815 0.0186598 0.0188151 0.0190558 0.0193916 0.0198337 0.0203955 0.0210928 0.021944 0.0229709 0.0241991 0.025659 0.027386 0.0294224 0.031818 0.0346321 0.0379354 0.0418126 0.0463652 0.0517153 0.0580097 0.0654248 0.0741715 0.0845008 0.0967074 0.111132 0.128155 0.148185 0.17162 0.198775 0.229755 0.264226 0.301079 0.337822 0.369963 0.391956 0.391784 0.33893 
0.0208646 0.020529 0.020233 0.0199194 0.0195934 0.01927 0.0189593 0.0186706 0.0184127 0.0181931 0.0180188 0.0178964 0.0178325 0.017834 0.0179085 0.0180649 0.0183134 0.0186663 0.0191381 0.0197464 0.0205123 0.0214607 0.0226215 0.0240305 0.02573 0.0277706 0.0302123 0.0331267 0.0365993 0.0407321 0.0456473 0.0514909 0.0584383 0.0666998 0.0765271 0.0882217 0.102143 0.118716 0.13844 0.161882 0.18967 0.222441 0.26073 0.304747 0.353961 0.406214 0.456543 0.497831 0.511863 0.447718 
0.0203487 0.0201302 0.0198767 0.019574 0.0192375 0.0188857 0.018533 0.0181922 0.0178739 0.0175872 0.0173398 0.0171386 0.0169903 0.0169015 0.0168797 0.0169336 0.0170732 0.0173111 0.0176621 0.0181446 0.0187809 0.0195981 0.0206287 0.021912 0.0234952 0.0254351 0.0277994 0.0306695 0.0341426 0.0383353 0.0433873 0.0494663 0.0567738 0.0655521 0.0760937 0.0887522 0.103956 0.122225 0.144191 0.170621 0.202435 0.240712 0.286654 0.341436 0.405835 0.47918 0.557548 0.633483 0.681303 0.617193 
0.019919 0.0197963 0.0195695 0.0192623 0.0189001 0.0185061 0.0180993 0.0176957 0.0173078 0.0169456 0.0166172 0.0163294 0.0160883 0.0158999 0.015771 0.0157092 0.0157242 0.0158276 0.0160341 0.0163617 0.016833 0.0174755 0.0183232 0.019417 0.020807 0.0225536 0.0247294 0.0274222 0.0307374 0.0348021 0.0397687 0.045821 0.0531808 0.0621163 0.0729532 0.0860892 0.102014 0.121335 0.144814 0.173419 0.208392 0.251342 0.304337 0.369976 0.451281 0.550959 0.669168 0.800645 0.91584 0.901208 
0.0196395 0.0195707 0.0193436 0.019006 0.0185943 0.0181373 0.017659 0.017178 0.0167084 0.0162605 0.015842 0.0154588 0.015116 0.0148183 0.0145709 0.0143801 0.014254 0.0142029 0.0142401 0.0143826 0.0146519 0.015075 0.0156851 0.0165235 0.0176407 0.019098 0.0209703 0.0233479 0.0263403 0.0300795 0.0347249 0.0404692 0.0475452 0.0562357 0.0668855 0.0799183 0.0958604 0.115374 0.13931 0.168783 0.205297 0.250935 0.308661 0.382753 0.479408 0.607358 0.776256 0.991565 1.25544 1.50462 
0.0195727 0.0195055 0.0192286 0.0188008 0.0182776 0.0176997 0.0170977 0.0164931 0.0159001 0.0153282 0.0147829 0.0142677 0.013785 0.0133367 0.012925 0.0125535 0.0122271 0.0119533 0.0117424 0.0116086 0.0115704 0.0116519 0.0118838 0.0123047 0.0129624 0.0139162 0.0152386 0.0170182 0.0193628 0.0224031 0.0262974 0.031237 0.0374531 0.0452259 0.0548961 0.06688 0.081692 0.0999764 0.122558 0.150526 0.185378 0.229293 0.285652 0.360079 0.462635 0.612142 0.841202 1.20729 1.86887 2.98403 
