2.59645e-05 2.83683e-05 1.1961e-05 -9.52311e-06 -3.10834e-05 -5.10469e-05 -6.91408e-05 -8.55802e-05 -0.000100701 -0.000114835 -0.000128268 -0.000141237 -0.000153934 -0.000166509 -0.000179079 -0.000191731 -0.000204529 -0.000217516 -0.000230722 -0.000244168 -0.000257872 -0.000271861 -0.000286174 -0.000300882 -0.000316101 -0.000332011 -0.000348883 -0.000367114 -0.000387268 -0.000410139 -0.000436831 -0.000468871 -0.00050838 -0.000558309 -0.000622826 -0.000707906 -0.000822334 -0.000979437 -0.00120027 -0.00151965 -0.00199807 -0.00274505 -0.00396431 -0.00603411 -0.00962139 -0.0156924 -0.0246193 -0.0313558 -0.00260309 0.26059 
7.47348e-05 5.12586e-05 -4.46803e-05 -0.00016758 -0.000296898 -0.000423394 -0.000543776 -0.000657489 -0.000765157 -0.000867847 -0.000966728 -0.00106291 -0.00115738 -0.00125098 -0.00134439 -0.00143814 -0.00153264 -0.0016282 -0.00172504 -0.00182331 -0.0019232 -0.00202491 -0.00212877 -0.00223528 -0.00234527 -0.00245994 -0.00258111 -0.00271135 -0.00285427 -0.00301485 -0.00319988 -0.00341857 -0.00368337 -0.00401118 -0.00442497 -0.00495633 -0.00564924 -0.00656595 -0.00779645 -0.00947383 -0.0117995 -0.015083 -0.0197996 -0.0266469 -0.0365003 -0.0498406 -0.0640241 -0.0637789 0.00761043 0.364543 
9.17299e-05 -2.60616e-05 -0.000281383 -0.000597145 -0.000933106 -0.00126828 -0.00159338 -0.00190538 -0.00220441 -0.00249216 -0.00277091 -0.00304307 -0.00331091 -0.00357643 -0.00384131 -0.00410692 -0.00437429 -0.00464419 -0.00491721 -0.00519378 -0.00547434 -0.00575945 -0.00604992 -0.0063471 -0.00665304 -0.00697088 -0.00730518 -0.00766245 -0.00805172 -0.00848534 -0.00897997 -0.00955789 -0.0102487 -0.0110915 -0.0121384 -0.0134581 -0.0151421 -0.0173124 -0.0201318 -0.0238158 -0.0286446 -0.034962 -0.0431283 -0.0533271 -0.0649648 -0.0749826 -0.0733032 -0.0314718 0.120276 0.53524 
4.4999e-05 -0.000248091 -0.000728286 -0.00129774 -0.00190101 -0.00250684 -0.00309992 -0.00367423 -0.00422893 -0.00476594 -0.00528847 -0.0058002 -0.0063047 -0.00680526 -0.00730464 -0.00780512 -0.00830842 -0.00881582 -0.00932825 -0.00984638 -0.0103708 -0.0109024 -0.0114425 -0.011993 -0.0125572 -0.0131403 -0.0137495 -0.0143955 -0.0150928 -0.0158612 -0.016727 -0.0177251 -0.0189007 -0.0203124 -0.0220352 -0.0241643 -0.0268194 -0.0301481 -0.0343269 -0.0395536 -0.0460198 -0.0538328 -0.0628238 -0.0720984 -0.0790194 -0.0769906 -0.0508308 0.0320673 0.234464 0.651925 
-7.09426e-05 -0.000627366 -0.00139727 -0.00227409 -0.00319373 -0.00411808 -0.00502727 -0.00591271 -0.00677258 -0.0076089 -0.00842565 -0.0092276 -0.0100196 -0.0108061 -0.0115908 -0.012377 -0.013167 -0.0139624 -0.0147644 -0.0155736 -0.0163907 -0.0172164 -0.018052 -0.0189 -0.0197643 -0.0206513 -0.0215703 -0.0225351 -0.0235642 -0.0246832 -0.0259253 -0.0273341 -0.0289648 -0.0308866 -0.0331843 -0.03596 -0.0393314 -0.0434269 -0.04837 -0.0542439 -0.0610167 -0.0683863 -0.0754697 -0.0801921 -0.0781148 -0.0602692 -0.00946142 0.104995 0.33138 0.723542 
-0.000251625 -0.00115886 -0.00228175 -0.00351516 -0.00479289 -0.00607406 -0.00733648 -0.00857018 -0.00977282 -0.0109467 -0.0120965 -0.013228 -0.0143472 -0.0154595 -0.0165698 -0.0176817 -0.0187981 -0.0199208 -0.0210507 -0.0221883 -0.0233338 -0.0244873 -0.0256495 -0.0268226 -0.0280101 -0.0292187 -0.0304583 -0.0317437 -0.0330954 -0.0345412 -0.0361174 -0.03787 -0.0398562 -0.0421447 -0.0448148 -0.0479536 -0.0516475 -0.0559654 -0.0609254 -0.0664318 -0.0721584 -0.077337 -0.0803781 -0.0782078 -0.0651424 -0.0310976 0.0408999 0.177017 0.411494 0.771254 
-0.000489108 -0.00182815 -0.00336282 -0.00499701 -0.00666806 -0.00833634 -0.00997994 -0.011589 -0.0131616 -0.0147006 -0.0162116 -0.0177014 -0.0191771 -0.0206449 -0.0221103 -0.0235776 -0.0250497 -0.0265282 -0.0280136 -0.0295055 -0.0310031 -0.0325052 -0.0340112 -0.0355217 -0.037039 -0.038568 -0.0401176 -0.0417013 -0.0433383 -0.0450549 -0.0468851 -0.0488711 -0.0510634 -0.0535188 -0.0562965 -0.0594499 -0.0630105 -0.0669598 -0.0711797 -0.0753667 -0.0788875 -0.0805362 -0.0781367 -0.0679097 -0.0435157 0.00525099 0.0938471 0.243278 0.476561 0.804667 
-0.000774158 -0.002616 -0.00461472 -0.00668838 -0.00878232 -0.0108616 -0.0129071 -0.0149108 -0.016872 -0.018795 -0.0206866 -0.0225547 -0.0244072 -0.0262512 -0.0280928 -0.0299362 -0.0317843 -0.0336381 -0.0354971 -0.0373596 -0.039223 -0.041084 -0.0429396 -0.0447877 -0.0466276 -0.0484613 -0.0502939 -0.0521352 -0.0539998 -0.0559084 -0.0578876 -0.0599696 -0.0621902 -0.0645849 -0.067181 -0.0699848 -0.0729579 -0.0759801 -0.0787864 -0.0808674 -0.0813095 -0.0785458 -0.0699763 -0.0514162 -0.0163545 0.0448858 0.145683 0.302241 0.529334 0.829022 
-0.00109736 -0.00350109 -0.00600807 -0.00855369 -0.0110945 -0.0136031 -0.0160652 -0.0184762 -0.0208381 -0.0231569 -0.025441 -0.0276998 -0.029942 -0.0321755 -0.0344067 -0.0366396 -0.0388767 -0.0411178 -0.0433611 -0.0456027 -0.0478375 -0.0500593 -0.0522615 -0.0544379 -0.0565836 -0.0586952 -0.0607723 -0.062818 -0.0648394 -0.0668475 -0.0688573 -0.0708852 -0.0729464 -0.0750475 -0.0771767 -0.0792849 -0.0812578 -0.0828702 -0.0837162 -0.0831015 -0.0798814 -0.0722221 -0.057263 -0.0306674 0.0139033 0.0852413 0.194546 0.353978 0.572537 0.847541 
-0.00144964 -0.00446172 -0.0075121 -0.0105553 -0.0135612 -0.016512 -0.0194001 -0.0222257 -0.0249944 -0.0277149 -0.0303977 -0.0330534 -0.0356922 -0.0383224 -0.0409504 -0.0435803 -0.0462132 -0.0488478 -0.0514799 -0.0541031 -0.0567089 -0.0592871 -0.0618266 -0.0643157 -0.0667433 -0.0690992 -0.0713753 -0.0735655 -0.0756662 -0.0776759 -0.0795937 -0.0814165 -0.0831342 -0.0847205 -0.0861198 -0.0872256 -0.0878474 -0.0876615 -0.0861366 -0.0824256 -0.0752095 -0.0624813 -0.0412604 -0.00725018 0.0454993 0.124748 0.239664 0.399175 0.608353 0.862143 
-0.00182252 -0.00547667 -0.00909608 -0.0126551 -0.0161384 -0.0195391 -0.0228577 -0.0261004 -0.0292773 -0.0324005 -0.0354828 -0.0385369 -0.041574 -0.0446031 -0.0476306 -0.0506599 -0.0536909 -0.0567204 -0.0597416 -0.0627447 -0.0657169 -0.0686432 -0.0715064 -0.0742886 -0.0769707 -0.0795341 -0.0819606 -0.0842331 -0.0863347 -0.0882487 -0.0899557 -0.0914302 -0.092634 -0.093506 -0.093946 -0.0937913 -0.0927809 -0.0905038 -0.0863247 -0.0792792 -0.0679302 -0.05018 -0.0230398 0.0176155 0.0772296 0.162516 0.280858 0.438684 0.638433 0.87399 
-0.00220816 -0.00652574 -0.0107302 -0.0148158 -0.0187826 -0.0226356 -0.0263846 -0.0300426 -0.0336248 -0.0371475 -0.0406263 -0.0440761 -0.0475093 -0.0509355 -0.0543612 -0.0577888 -0.0612168 -0.0646394 -0.0680469 -0.0714252 -0.0747567 -0.0780203 -0.0811922 -0.0842462 -0.0871544 -0.089888 -0.092417 -0.0947112 -0.0967389 -0.0984657 -0.0998522 -0.100849 -0.101388 -0.101374 -0.100664 -0.0990422 -0.0961868 -0.0916134 -0.084606 -0.0741179 -0.0586445 -0.0360646 -0.00346299 0.0430305 0.108306 0.198089 0.318256 0.47333 0.664005 0.883817 
-0.00259938 -0.00758996 -0.0123859 -0.0170012 -0.0214514 -0.0257542 -0.0299289 -0.0339962 -0.0379773 -0.0418926 -0.0457615 -0.0496009 -0.0534247 -0.0572434 -0.061063 -0.0648852 -0.0687064 -0.0725183 -0.0763073 -0.0800547 -0.0837372 -0.0873269 -0.090792 -0.0940972 -0.0972044 -0.100073 -0.10266 -0.10492 -0.106806 -0.108264 -0.109233 -0.109639 -0.109386 -0.108344 -0.106331 -0.103087 -0.098236 -0.0912372 -0.0813161 -0.0673762 -0.0478872 -0.020757 0.0167993 0.0683522 0.138236 0.231283 0.352121 0.503839 0.68598 0.89211 
-0.00298962 -0.00865165 -0.0140364 -0.0191769 -0.0241044 -0.0288491 -0.0334406 -0.0379075 -0.0422774 -0.0465756 -0.050825 -0.0550451 -0.0592516 -0.0634556 -0.0676628 -0.0718738 -0.076083 -0.080279 -0.0844439 -0.0885539 -0.0925792 -0.0964843 -0.100229 -0.103767 -0.107048 -0.110021 -0.112627 -0.114805 -0.116489 -0.117608 -0.118078 -0.1178 -0.116651 -0.11447 -0.111041 -0.106063 -0.09912 -0.089629 -0.0767782 -0.0594484 -0.0361182 -0.00476275 0.0372368 0.0931323 0.166727 0.262067 0.382761 0.530818 0.705037 0.899199 
-0.00337287 -0.00969439 -0.0156565 -0.0213106 -0.026703 -0.0318768 -0.0368718 -0.0417251 -0.0464705 -0.0511388 -0.0557567 -0.0603464 -0.0649255 -0.0695056 -0.0740925 -0.0786853 -0.0832762 -0.0878504 -0.0923856 -0.096852 -0.101213 -0.105425 -0.109436 -0.113192 -0.116629 -0.11968 -0.122272 -0.124329 -0.125764 -0.126487 -0.126392 -0.125357 -0.123233 -0.119831 -0.114904 -0.108122 -0.0990359 -0.0870358 -0.0712911 -0.0506826 -0.0237243 0.0115147 0.0574668 0.117065 0.19362 0.290497 0.41048 0.554768 0.721684 0.905319 
-0.0037436 -0.0107029 -0.0172226 -0.0233715 -0.0292109 -0.0347961 -0.0401773 -0.0454 -0.0505048 -0.0555277 -0.0604997 -0.0654458 -0.0703855 -0.0753311 -0.0802884 -0.085255 -0.0902208 -0.0951673 -0.100067 -0.104885 -0.109576 -0.114088 -0.118359 -0.122321 -0.125899 -0.12901 -0.131565 -0.13347 -0.134621 -0.134905 -0.134196 -0.132351 -0.129195 -0.124516 -0.118042 -0.109419 -0.0981772 -0.0836903 -0.0651251 -0.0413813 -0.0110275 0.0277554 0.0772047 0.139945 0.218841 0.316674 0.43556 0.576096 0.73631 0.910642 
-0.0040967 -0.0116631 -0.0187127 -0.0253312 -0.0315937 -0.0375679 -0.0433141 -0.0488859 -0.054331 -0.0596907 -0.0650001 -0.0702875 -0.0755741 -0.0808734 -0.0861906 -0.0915223 -0.0968559 -0.102169 -0.107429 -0.112595 -0.117612 -0.12242 -0.126946 -0.13111 -0.13482 -0.13798 -0.140484 -0.142218 -0.14306 -0.142878 -0.141524 -0.138833 -0.134612 -0.128625 -0.120582 -0.110111 -0.0967291 -0.0798072 -0.0585216 -0.0318049 0.00170519 0.0437059 0.0962386 0.161636 0.242366 0.340711 0.458252 0.595131 0.749213 0.915294 
-0.00442743 -0.0125618 -0.0201064 -0.0271627 -0.0338194 -0.0401557 -0.0462417 -0.0521393 -0.0579028 -0.063579 -0.0692071 -0.0748188 -0.0804371 -0.0860766 -0.0917425 -0.0974299 -0.103124 -0.108798 -0.114415 -0.119925 -0.125268 -0.130372 -0.135153 -0.139517 -0.143359 -0.146564 -0.149011 -0.150567 -0.15109 -0.150428 -0.148414 -0.144863 -0.139562 -0.132259 -0.122648 -0.110345 -0.0948656 -0.0755831 -0.0516952 -0.0221783 0.0142514 0.0591641 0.11441 0.182051 0.264201 0.362724 0.478767 0.61214 0.760624 0.919371 
-0.00473137 -0.0133867 -0.0213846 -0.0288413 -0.0358582 -0.0425254 -0.0489225 -0.0551193 -0.0611765 -0.0671465 -0.0730727 -0.0789897 -0.0849229 -0.090888 -0.0968899 -0.102923 -0.108969 -0.114999 -0.120969 -0.126824 -0.132493 -0.137896 -0.142936 -0.147505 -0.151483 -0.15474 -0.157134 -0.158515 -0.158721 -0.157581 -0.154909 -0.1505 -0.144125 -0.135517 -0.124361 -0.110266 -0.0927493 -0.0711975 -0.044837 -0.0126965 0.0264237 0.0739657 0.131596 0.201129 0.284368 0.38282 0.497288 0.627335 0.770722 0.922948 
-0.0050044 -0.0141265 -0.0225297 -0.0303439 -0.0376823 -0.0446454 -0.0513215 -0.0577878 -0.0641116 -0.0703503 -0.0765515 -0.0827531 -0.0889827 -0.0952569 -0.101581 -0.107948 -0.114338 -0.120718 -0.127039 -0.133238 -0.139237 -0.144944 -0.150251 -0.155035 -0.159162 -0.162484 -0.16484 -0.166061 -0.165966 -0.164364 -0.161051 -0.155804 -0.148379 -0.138498 -0.125838 -0.110008 -0.0905312 -0.0668143 -0.0381188 -0.00353085 0.0380616 0.0879744 0.1477 0.218829 0.30289 0.401092 0.513962 0.640885 0.779648 0.926079 
-0.00524267 -0.0147706 -0.0235255 -0.0316494 -0.0392664 -0.0464866 -0.0534063 -0.0601099 -0.0666705 -0.0731505 -0.0796016 -0.0860649 -0.0925702 -0.0991355 -0.105766 -0.112455 -0.11918 -0.125903 -0.132571 -0.139115 -0.145449 -0.151468 -0.157054 -0.162069 -0.166363 -0.16977 -0.172112 -0.1732 -0.172833 -0.1708 -0.166878 -0.160831 -0.152398 -0.141294 -0.127189 -0.109697 -0.0883519 -0.0625845 -0.0316963 0.0051654 0.0490239 0.101072 0.162641 0.235116 0.319788 0.417618 0.528909 0.652924 0.787508 0.928808 
-0.00544265 -0.0153096 -0.0243571 -0.0327386 -0.0405876 -0.0480228 -0.0551479 -0.0620537 -0.0688188 -0.0755104 -0.0821839 -0.0888837 -0.0956419 -0.102478 -0.109398 -0.116394 -0.123441 -0.1305 -0.137512 -0.144402 -0.151075 -0.157417 -0.163296 -0.168562 -0.173048 -0.17657 -0.178931 -0.179923 -0.179325 -0.176907 -0.172427 -0.165632 -0.156252 -0.143991 -0.128518 -0.109452 -0.0863426 -0.0586479 -0.0257127 0.0132525 0.0591829 0.113154 0.176345 0.249958 0.335078 0.432455 0.54222 0.663554 0.794385 0.931166 
-0.00560112 -0.0157348 -0.0250116 -0.0335945 -0.0416256 -0.0492308 -0.0565204 -0.0635909 -0.070526 -0.0773969 -0.0842631 -0.0911717 -0.0981575 -0.105241 -0.112431 -0.119716 -0.127073 -0.134458 -0.141809 -0.149044 -0.156062 -0.162737 -0.168927 -0.174467 -0.179174 -0.182847 -0.18527 -0.186215 -0.18544 -0.182695 -0.177722 -0.170252 -0.160001 -0.146667 -0.129919 -0.109383 -0.0846257 -0.0551354 -0.020302 0.0206 0.0684195 0.12412 0.188741 0.26332 0.348763 0.445644 0.553962 0.672852 0.800338 0.933177 
-0.00571521 -0.0160387 -0.0254776 -0.0342026 -0.042363 -0.0500907 -0.0575016 -0.0646971 -0.0717651 -0.0787809 -0.0858073 -0.0928946 -0.10008 -0.107386 -0.114821 -0.122376 -0.130025 -0.137724 -0.145406 -0.152985 -0.160351 -0.167371 -0.173889 -0.179729 -0.184691 -0.188558 -0.191094 -0.192049 -0.191164 -0.188168 -0.182783 -0.174724 -0.163697 -0.149393 -0.13148 -0.109592 -0.083316 -0.0521703 -0.0155912 0.0270835 0.0766189 0.133872 0.199755 0.275159 0.360833 0.457208 0.564181 0.680869 0.805411 0.934855 
-0.00578252 -0.0162151 -0.0257456 -0.034551 -0.0427856 -0.0505864 -0.0580734 -0.065352 -0.0725139 -0.0796378 -0.0867895 -0.0940223 -0.101375 -0.108874 -0.116528 -0.124329 -0.132251 -0.140247 -0.148249 -0.156166 -0.163882 -0.171255 -0.178121 -0.184288 -0.189542 -0.19365 -0.196355 -0.19739 -0.196473 -0.193313 -0.187613 -0.179072 -0.167383 -0.152228 -0.133278 -0.110174 -0.0825209 -0.0498699 -0.0117022 0.0325821 0.0836677 0.142313 0.209311 0.285423 0.371265 0.46715 0.5729 0.687636 0.809628 0.93621 
-0.0058011 -0.0162592 -0.0258087 -0.0346307 -0.042883 -0.0507057 -0.0582221 -0.0655404 -0.0727551 -0.0799479 -0.0871875 -0.0945296 -0.102016 -0.109675 -0.117516 -0.125534 -0.133703 -0.141976 -0.150283 -0.158528 -0.166592 -0.174325 -0.181554 -0.188075 -0.19366 -0.198059 -0.200999 -0.20219 -0.20133 -0.198107 -0.192205 -0.183305 -0.171085 -0.155221 -0.135379 -0.111212 -0.0823398 -0.0483451 -0.00875316 0.0369761 0.0894512 0.149337 0.217322 0.294049 0.38002 0.475453 0.580119 0.693166 0.813001 0.937246 
-0.00576961 -0.0161676 -0.0256624 -0.0344362 -0.0426486 -0.0504412 -0.057939 -0.065252 -0.0724769 -0.0796974 -0.0869847 -0.0943969 -0.101979 -0.10976 -0.117753 -0.125955 -0.134341 -0.142864 -0.151453 -0.160012 -0.168416 -0.176511 -0.184115 -0.191014 -0.196969 -0.201712 -0.204954 -0.206384 -0.205681 -0.202509 -0.196533 -0.187414 -0.174815 -0.158402 -0.137838 -0.112779 -0.0828635 -0.0477011 -0.00685913 0.040146 0.0938515 0.154837 0.223691 0.300958 0.38704 0.482081 0.585821 0.697451 0.815527 0.93796 
-0.00568738 -0.0159392 -0.0253048 -0.0339656 -0.0420803 -0.0497904 -0.057221 -0.0644829 -0.0716737 -0.0788787 -0.086171 -0.0936111 -0.101246 -0.109108 -0.117213 -0.12556 -0.134125 -0.142865 -0.151708 -0.160558 -0.169288 -0.17774 -0.185726 -0.193025 -0.199384 -0.204524 -0.208137 -0.209895 -0.209455 -0.206461 -0.200553 -0.191374 -0.178568 -0.161788 -0.140691 -0.114935 -0.0841722 -0.0480358 -0.00613165 0.041972 0.0967461 0.158692 0.228311 0.306057 0.392251 0.486978 0.589966 0.700465 0.817192 0.938348 
-0.00555447 -0.0155746 -0.0247375 -0.0332209 -0.0411807 -0.0487561 -0.0560709 -0.0632351 -0.0703466 -0.0774914 -0.0847438 -0.0921664 -0.0998086 -0.107706 -0.115877 -0.124323 -0.133025 -0.14194 -0.151001 -0.160111 -0.169144 -0.17794 -0.186307 -0.194018 -0.200812 -0.206396 -0.21045 -0.212627 -0.212563 -0.20988 -0.204197 -0.195133 -0.182312 -0.16537 -0.143955 -0.117723 -0.0863326 -0.049438 -0.00667752 0.0423339 0.0980079 0.160774 0.231058 0.309234 0.395555 0.490066 0.592495 0.702166 0.817967 0.938396 
-0.00537181 -0.0150766 -0.0239653 -0.0322088 -0.0399578 -0.0473473 -0.054498 -0.0615181 -0.0685043 -0.0755426 -0.0827084 -0.0900655 -0.0976658 -0.105547 -0.113733 -0.122227 -0.131014 -0.140057 -0.149289 -0.15862 -0.167922 -0.177039 -0.185776 -0.193903 -0.201153 -0.207224 -0.211782 -0.214467 -0.214894 -0.212664 -0.207373 -0.198613 -0.185989 -0.169115 -0.147624 -0.121163 -0.0893936 -0.0519833 -0.00859623 0.0411133 0.0975048 0.160946 0.231795 0.310358 0.396835 0.491241 0.593324 0.70249 0.817811 0.938089 
-0.00514124 -0.0144506 -0.0229966 -0.0309405 -0.038425 -0.045579 -0.0525186 -0.0593484 -0.0661632 -0.0730482 -0.0800787 -0.08732 -0.094826 -0.102638 -0.110781 -0.119266 -0.128081 -0.137192 -0.146542 -0.156041 -0.165569 -0.17497 -0.184053 -0.192587 -0.200302 -0.206891 -0.212011 -0.215286 -0.216317 -0.214684 -0.209958 -0.201708 -0.189511 -0.172957 -0.151657 -0.125247 -0.0933801 -0.0557291 -0.0119757 0.0381957 0.0951021 0.159059 0.230367 0.309277 0.395946 0.490376 0.592343 0.701353 0.816667 0.937404 
-0.00486554 -0.0137046 -0.0218437 -0.0294318 -0.0366013 -0.0434727 -0.0501557 -0.0567504 -0.0633483 -0.0700327 -0.0768787 -0.083952 -0.0913085 -0.0989919 -0.107032 -0.115444 -0.124221 -0.133336 -0.142737 -0.152342 -0.162037 -0.171674 -0.181064 -0.18998 -0.198155 -0.205278 -0.211001 -0.21494 -0.216681 -0.215785 -0.211802 -0.204274 -0.192748 -0.176788 -0.155979 -0.129931 -0.0982848 -0.0607071 -0.0168857 0.0334761 0.0906646 0.154955 0.226601 0.305813 0.392717 0.487312 0.589416 0.698645 0.814462 0.936312 
-0.00454856 -0.0128488 -0.0205229 -0.0277039 -0.0345117 -0.0410566 -0.0474402 -0.0537566 -0.060093 -0.0665302 -0.0731419 -0.0799942 -0.0871442 -0.0946385 -0.102511 -0.11078 -0.119447 -0.128492 -0.137869 -0.147506 -0.157298 -0.167103 -0.176745 -0.186001 -0.19461 -0.202264 -0.208615 -0.213273 -0.215815 -0.215788 -0.21272 -0.206128 -0.195531 -0.180458 -0.160462 -0.135124 -0.104058 -0.0669123 -0.0233682 0.0268669 0.0840631 0.14847 0.22031 0.299764 0.386943 0.481854 0.584371 0.694227 0.8111 0.934777 
-0.00419514 -0.0118965 -0.0190541 -0.0257826 -0.032187 -0.0383654 -0.0444099 -0.0504073 -0.0564396 -0.0625842 -0.0689126 -0.0754907 -0.0823765 -0.0896188 -0.0972552 -0.10531 -0.113789 -0.122682 -0.131951 -0.141534 -0.151336 -0.16123 -0.171048 -0.180581 -0.189576 -0.197734 -0.204713 -0.210123 -0.213536 -0.214491 -0.212497 -0.207051 -0.197639 -0.18376 -0.164925 -0.140676 -0.110592 -0.0742894 -0.0314242 0.0183091 0.0751832 0.13944 0.21129 0.2909 0.378382 0.473766 0.576992 0.687924 0.806464 0.932753 
-0.00381114 -0.0108634 -0.0174613 -0.0236987 -0.0296634 -0.03544 -0.0411096 -0.0467508 -0.0524392 -0.0582478 -0.0642457 -0.0704975 -0.0770615 -0.0839887 -0.0913199 -0.0990838 -0.107294 -0.115947 -0.125015 -0.134448 -0.144164 -0.154048 -0.163949 -0.173672 -0.18298 -0.191589 -0.199164 -0.205327 -0.209652 -0.211672 -0.21089 -0.20678 -0.198805 -0.186426 -0.169114 -0.146366 -0.117709 -0.0827144 -0.0409949 0.00779016 0.0639395 0.127712 0.199327 0.278964 0.366752 0.462762 0.567014 0.679513 0.800398 0.930181 
-0.0034034 -0.00976757 -0.0157719 -0.0214872 -0.0269826 -0.0323276 -0.0375912 -0.0428428 -0.0481509 -0.0535835 -0.0592063 -0.065082 -0.0712689 -0.0778189 -0.0847759 -0.0921731 -0.100031 -0.108352 -0.117121 -0.126299 -0.135818 -0.14558 -0.155452 -0.165257 -0.174778 -0.18375 -0.191858 -0.198737 -0.203973 -0.207106 -0.207633 -0.20502 -0.198708 -0.188126 -0.172703 -0.151883 -0.125137 -0.0919718 -0.0519372 -0.0046319 0.0502975 0.113158 0.18421 0.263674 0.351723 0.448494 0.554103 0.668711 0.792705 0.926982 
-0.00297968 -0.00862936 -0.0140167 -0.0191874 -0.0241909 -0.0290803 -0.0339122 -0.0387456 -0.0436416 -0.0486623 -0.0538695 -0.0593233 -0.065081 -0.0711951 -0.0777116 -0.0846675 -0.0920885 -0.0999862 -0.108355 -0.117167 -0.126371 -0.135886 -0.145599 -0.155355 -0.164962 -0.174179 -0.182715 -0.19023 -0.19633 -0.200569 -0.202455 -0.201451 -0.196986 -0.188465 -0.175279 -0.15682 -0.132493 -0.101728 -0.0639922 -0.0187949 0.0343062 0.0957048 0.165746 0.244731 0.332917 0.43054 0.537841 0.655152 0.783124 0.923055 
-0.00254848 -0.00747106 -0.012229 -0.0168419 -0.0213384 -0.0257551 -0.0301352 -0.0345274 -0.0389848 -0.043563 -0.0483193 -0.0533106 -0.0585925 -0.0642172 -0.0702317 -0.0766761 -0.0835809 -0.0909648 -0.0988312 -0.107165 -0.115931 -0.125065 -0.134475 -0.144033 -0.153573 -0.162882 -0.171704 -0.179727 -0.186587 -0.191867 -0.195093 -0.195743 -0.193246 -0.186994 -0.176351 -0.16066 -0.139263 -0.111503 -0.0767476 -0.0343886 0.0161437 0.0753775 0.143796 0.22184 0.309912 0.408395 0.517698 0.638357 0.771307 0.918263 
-0.00211898 -0.00631647 -0.0104443 -0.0144957 -0.0184783 -0.022412 -0.0263268 -0.0302609 -0.0342592 -0.0383707 -0.0426475 -0.0471428 -0.0519095 -0.0569986 -0.0624572 -0.0683272 -0.0746429 -0.0814286 -0.0886965 -0.096443 -0.104646 -0.113261 -0.122218 -0.131414 -0.140711 -0.149933 -0.158857 -0.167211 -0.174671 -0.180855 -0.185326 -0.187588 -0.187091 -0.18323 -0.175357 -0.162783 -0.144792 -0.120645 -0.0895965 -0.0509001 -0.00381994 0.0523605 0.118332 0.194754 0.282257 0.381457 0.493006 0.617695 0.756781 0.912416 
-0.00170084 -0.0051904 -0.00869964 -0.0121955 -0.0156655 -0.0191132 -0.0225559 -0.0260218 -0.0295475 -0.0331753 -0.0369519 -0.0409261 -0.0451473 -0.0496643 -0.0545232 -0.0597664 -0.0654304 -0.071544 -0.0781261 -0.0851831 -0.092706 -0.100667 -0.109017 -0.11768 -0.126548 -0.135479 -0.14429 -0.152754 -0.160592 -0.167473 -0.173005 -0.176738 -0.178159 -0.176692 -0.171699 -0.162483 -0.14829 -0.128314 -0.1017 -0.0675534 -0.0249428 0.0270904 0.0895229 0.163338 0.249516 0.349039 0.462923 0.592322 0.738889 0.905243 
-0.00130398 -0.00411817 -0.00703229 -0.00998848 -0.0129552 -0.0159212 -0.0188922 -0.0218869 -0.0249342 -0.0280697 -0.0313344 -0.0347722 -0.0384285 -0.0423487 -0.0465768 -0.0511543 -0.0561182 -0.0615 -0.0673236 -0.0736032 -0.0803408 -0.0875239 -0.0951219 -0.103083 -0.111329 -0.119754 -0.128215 -0.136531 -0.144476 -0.151775 -0.158097 -0.16305 -0.16618 -0.166963 -0.164801 -0.159021 -0.148866 -0.133492 -0.111966 -0.0832541 -0.0462202 0.000375488 0.0578734 0.127703 0.211362 0.310399 0.426411 0.561109 0.716698 0.896347 
-0.000938393 -0.00312482 -0.00547894 -0.00792048 -0.0104013 -0.0128973 -0.0154042 -0.0179324 -0.0205035 -0.0231472 -0.0258985 -0.028796 -0.0318804 -0.0351929 -0.0387741 -0.0426631 -0.0468961 -0.0515052 -0.056517 -0.0619511 -0.067818 -0.0741174 -0.080835 -0.0879401 -0.0953821 -0.103087 -0.110952 -0.118843 -0.126587 -0.133971 -0.14073 -0.146545 -0.151038 -0.153761 -0.154187 -0.151704 -0.1456 -0.135044 -0.119074 -0.0965625 -0.0662001 -0.0264626 0.0244068 0.0884045 0.167751 0.264851 0.382235 0.522541 0.688865 0.885127 
-0.000613848 -0.00223441 -0.00407439 -0.0060349 -0.00805464 -0.0100994 -0.012157 -0.0142312 -0.0163374 -0.0184995 -0.0207469 -0.0231125 -0.0256318 -0.028341 -0.0312762 -0.034473 -0.0379647 -0.0417824 -0.0459532 -0.0504995 -0.0554373 -0.0607751 -0.0665113 -0.0726325 -0.0791108 -0.0859008 -0.0929359 -0.100125 -0.107347 -0.114449 -0.121235 -0.127467 -0.132853 -0.137039 -0.139598 -0.140018 -0.13768 -0.131835 -0.121563 -0.105735 -0.0829477 -0.051457 -0.00910507 0.0467435 0.119235 0.212002 0.329058 0.474635 0.65342 0.870621 
-0.000339594 -0.0014689 -0.00284992 -0.00437052 -0.00596069 -0.00757982 -0.00921036 -0.0108513 -0.012513 -0.0142142 -0.0159788 -0.0178342 -0.01981 -0.0219368 -0.0242455 -0.0267666 -0.0295297 -0.0325627 -0.0358914 -0.0395381 -0.0435217 -0.0478556 -0.052547 -0.0575951 -0.0629894 -0.0687074 -0.0747122 -0.0809496 -0.0873446 -0.093798 -0.100182 -0.106334 -0.112052 -0.117085 -0.121125 -0.123788 -0.124595 -0.122941 -0.118046 -0.108892 -0.0941284 -0.0719473 -0.0399259 0.0051508 0.0674594 0.152242 0.265743 0.414921 0.607463 0.85122 
-0.000123906 -0.000846902 -0.00183147 -0.00295935 -0.0041575 -0.00538308 -0.00661628 -0.00785314 -0.00910049 -0.0103724 -0.0116877 -0.0130681 -0.0145372 -0.0161197 -0.0178405 -0.0197245 -0.021796 -0.0240787 -0.0265948 -0.0293649 -0.0324073 -0.0357375 -0.0393671 -0.043303 -0.0475464 -0.0520912 -0.0569222 -0.0620137 -0.0673271 -0.0728084 -0.0783852 -0.0839636 -0.0894236 -0.0946135 -0.099342 -0.103366 -0.106374 -0.107951 -0.107542 -0.104365 -0.097308 -0.0847449 -0.064286 -0.0324305 0.01586 0.0876066 0.192089 0.340688 0.546745 0.82403 
2.66122e-05 -0.00038178 -0.00103709 -0.00182405 -0.00267305 -0.00354372 -0.00441703 -0.00528809 -0.00616124 -0.00704676 -0.00795864 -0.0089132 -0.00992807 -0.0110217 -0.0122127 -0.0135199 -0.0149618 -0.0165568 -0.0183224 -0.0202754 -0.0224318 -0.0248057 -0.0274097 -0.0302539 -0.0333456 -0.036688 -0.04028 -0.0441147 -0.0481787 -0.0524502 -0.0568983 -0.061481 -0.0661432 -0.0708143 -0.0754041 -0.0797969 -0.0838403 -0.0873261 -0.089956 -0.0912796 -0.090586 -0.0867155 -0.0777426 -0.0604668 -0.0296405 0.0230889 0.110374 0.250018 0.46546 0.783725 
0.000108248 -7.89133e-05 -0.000473876 -0.000974972 -0.00152299 -0.00208447 -0.00264396 -0.00319729 -0.00374728 -0.00430102 -0.00486812 -0.0054597 -0.00608771 -0.00676454 -0.00750279 -0.00831511 -0.00921413 -0.0102124 -0.0113222 -0.0125556 -0.0139243 -0.0154396 -0.0171119 -0.0189509 -0.0209651 -0.0231615 -0.0255453 -0.0281195 -0.0308845 -0.0338377 -0.036973 -0.040281 -0.0437486 -0.0473587 -0.0510909 -0.0549201 -0.0588152 -0.0627333 -0.0666066 -0.0703114 -0.0736018 -0.0759706 -0.0763667 -0.0726434 -0.0605341 -0.0318679 0.0282523 0.145064 0.357663 0.720546 
0.000122171 6.80561e-05 -0.000133631 -0.000405904 -0.000706221 -0.00101178 -0.00131262 -0.00160634 -0.00189483 -0.00218244 -0.00247487 -0.00277855 -0.00310029 -0.00344708 -0.00382597 -0.00424405 -0.00470843 -0.00522621 -0.00580447 -0.00645029 -0.00717072 -0.00797274 -0.00886325 -0.009849 -0.0109365 -0.012132 -0.0134415 -0.0148703 -0.0164234 -0.0181056 -0.0199211 -0.0218745 -0.0239713 -0.026219 -0.0286291 -0.0312194 -0.0340183 -0.0370691 -0.0404356 -0.044205 -0.04848 -0.0533387 -0.0587039 -0.0639863 -0.0672061 -0.0629658 -0.0380613 0.0364051 0.216406 0.608992 
8.08269e-05 8.46668e-05 1.26171e-05 -9.12776e-05 -0.000205137 -0.000318515 -0.000427472 -0.00053146 -0.000631633 -0.000729986 -0.000828914 -0.000930987 -0.00103884 -0.00115513 -0.0012825 -0.0014236 -0.00158111 -0.00175769 -0.00195604 -0.00217893 -0.00242914 -0.00270954 -0.00302307 -0.00337272 -0.00376158 -0.00419283 -0.00466976 -0.00519579 -0.00577453 -0.00640993 -0.00710645 -0.0078694 -0.00870552 -0.00962392 -0.0106375 -0.0117652 -0.0130361 -0.0144955 -0.0162148 -0.0183092 -0.0209643 -0.0244769 -0.0293005 -0.0360464 -0.0452508 -0.0562662 -0.0634473 -0.0463265 0.0539973 0.421023 
2.44604e-05 3.25523e-05 2.11766e-05 3.41222e-06 -1.52431e-05 -3.26987e-05 -4.8435e-05 -6.25945e-05 -7.55628e-05 -8.77969e-05 -9.97605e-05 -0.000111902 -0.00012465 -0.00013842 -0.000153612 -0.000170625 -0.000189855 -0.000211708 -0.000236599 -0.000264961 -0.000297252 -0.000333958 -0.000375601 -0.000422746 -0.000476009 -0.000536066 -0.000603667 -0.000679653 -0.000764977 -0.000860747 -0.000968279 -0.00108919 -0.00122555 -0.0013801 -0.00155667 -0.00176082 -0.00200105 -0.0022909 -0.00265308 -0.00312748 -0.00378705 -0.00476875 -0.00633031 -0.00894033 -0.0133627 -0.0204465 -0.0294106 -0.0308032 0.0209045 0.327608 
