-2.59365e-05 -7.50272e-05 -9.3487e-05 -4.92542e-05 6.49749e-05 0.000248006 0.000496293 0.000805785 0.00117275 0.00159409 0.00206742 0.00259098 0.00316364 0.00378474 0.00445404 0.0051716 0.00593776 0.00675301 0.007618 0.00853345 0.00950017 0.0105191 0.0115911 0.0127176 0.0138999 0.0151403 0.0164414 0.0178073 0.0192433 0.0207573 0.0223598 0.0240657 0.0258955 0.0278772 0.0300492 0.0324641 0.0351944 0.0383408 0.0420447 0.0465086 0.0520302 0.0590592 0.068299 0.0808841 0.0986656 0.124472 0.162262 0.217578 0.272357 0.144975 
-2.79465e-05 -5.04596e-05 2.6048e-05 0.000247618 0.000632199 0.0011835 0.00189853 0.00277152 0.00379603 0.00496612 0.00627679 0.00772424 0.0093058 0.0110199 0.0128657 0.0148434 0.0169535 0.0191972 0.0215758 0.024091 0.0267447 0.0295389 0.032476 0.035559 0.0387916 0.0421788 0.0457275 0.0494472 0.0533511 0.0574578 0.0617929 0.0663912 0.0713003 0.0765845 0.0823298 0.0886516 0.0957037 0.103691 0.112885 0.123649 0.136456 0.151922 0.1708 0.193915 0.22186 0.254043 0.286269 0.306004 0.279216 0.126961 
-1.0795e-05 4.71595e-05 0.000283191 0.000730658 0.00141036 0.00232938 0.00348636 0.00487607 0.00649177 0.00832674 0.0103751 0.0126321 0.0150944 0.0177598 0.0206275 0.0236975 0.0269703 0.0304475 0.0341306 0.0380218 0.0421231 0.0464372 0.0509668 0.0557153 0.0606872 0.0658882 0.0713265 0.0770137 0.0829658 0.0892051 0.0957625 0.10268 0.110013 0.117838 0.126251 0.135379 0.145382 0.156463 0.168867 0.182879 0.198806 0.216918 0.237305 0.259564 0.282142 0.301038 0.307609 0.284604 0.205662 0.0773581 
1.12795e-05 0.000169607 0.000593673 0.00128828 0.00227054 0.00354771 0.00511897 0.00697987 0.00912427 0.0115457 0.0142385 0.0171977 0.02042 0.0239032 0.0276462 0.031649 0.0359124 0.0404377 0.0452263 0.0502802 0.0556013 0.0611915 0.067053 0.0731881 0.0796001 0.0862934 0.0932743 0.100552 0.10814 0.116058 0.124331 0.132996 0.142101 0.151706 0.161889 0.172744 0.184384 0.196927 0.21049 0.225155 0.240902 0.257499 0.274273 0.289735 0.30093 0.302489 0.285716 0.237408 0.145093 0.0452335 
3.27608e-05 0.000293524 0.0009101 0.00185211 0.00312858 0.00474394 0.00669619 0.00898098 0.0115927 0.0145256 0.0177743 0.0213346 0.0252032 0.0293783 0.0338589 0.0386449 0.0437371 0.0491364 0.0548439 0.0608609 0.0671881 0.0738261 0.0807753 0.0880358 0.0956077 0.103492 0.111689 0.120204 0.129041 0.138211 0.147726 0.157606 0.167876 0.178568 0.189716 0.201356 0.213515 0.226195 0.239344 0.252805 0.266232 0.278947 0.289724 0.29646 0.295733 0.282374 0.249638 0.189998 0.101836 0.0264864 
5.15705e-05 0.00040729 0.00120533 0.00237982 0.00392945 0.00585366 0.00814764 0.0108062 0.0138237 0.0171949 0.0209151 0.0249805 0.0293886 0.0341377 0.0392271 0.0446568 0.0504273 0.0565392 0.0629927 0.069788 0.0769242 0.0844 0.0922127 0.100359 0.108834 0.117633 0.12675 0.13618 0.145916 0.155954 0.166288 0.176914 0.187825 0.199013 0.210458 0.222125 0.233948 0.245803 0.257478 0.268607 0.278588 0.286455 0.290697 0.289054 0.278303 0.254276 0.212661 0.150609 0.0726512 0.0159165 
6.71557e-05 0.000505811 0.0014653 0.00284743 0.00464002 0.00683632 0.00942761 0.0124069 0.0157681 0.0195059 0.0236162 0.0280958 0.0329427 0.0381556 0.0437341 0.0496783 0.0559883 0.0626642 0.0697053 0.0771103 0.0848763 0.0929992 0.101473 0.110289 0.119438 0.128906 0.13868 0.148741 0.159071 0.169646 0.180438 0.191416 0.202537 0.213749 0.224977 0.236115 0.247007 0.257422 0.267016 0.275275 0.281438 0.284403 0.282611 0.273948 0.255742 0.22505 0.179726 0.120098 0.0533885 0.0100741 
7.95596e-05 0.000587288 0.0016835 0.00324253 0.00524192 0.00766838 0.0105088 0.0137536 0.0173959 0.02143 0.025852 0.0306593 0.0358502 0.0414241 0.0473807 0.0537202 0.0604425 0.0675469 0.0750319 0.0828942 0.0911289 0.0997284 0.108683 0.117978 0.127599 0.137523 0.147725 0.158177 0.168842 0.179678 0.190634 0.20165 0.212648 0.223532 0.234175 0.24441 0.254008 0.262654 0.269912 0.275181 0.277634 0.276155 0.269291 0.255244 0.231999 0.197762 0.152023 0.0969848 0.0405471 0.00679761 
8.90285e-05 0.000651566 0.0018578 0.00355999 0.00572661 0.00833819 0.0113771 0.0148312 0.018692 0.0229535 0.0276117 0.0326643 0.0381102 0.0439491 0.0501812 0.0568066 0.063825 0.0712353 0.0790345 0.0872178 0.0957777 0.104703 0.113981 0.12359 0.133508 0.143705 0.154146 0.164786 0.175575 0.186452 0.197342 0.208157 0.218788 0.2291 0.238922 0.248037 0.25616 0.262922 0.267835 0.270263 0.269382 0.264147 0.253296 0.235405 0.209099 0.173518 0.129271 0.0795009 0.0317662 0.00488277 
9.58607e-05 0.000699297 0.00198856 0.00379911 0.00609199 0.00884225 0.0120281 0.0156348 0.0196523 0.0240739 0.0288957 0.0341155 0.0397327 0.0457474 0.0521601 0.0589711 0.0661801 0.0737851 0.0817824 0.0901653 0.098924 0.108044 0.117508 0.127289 0.137358 0.147676 0.158196 0.168864 0.179611 0.190358 0.201011 0.211456 0.221555 0.231142 0.240012 0.247909 0.254515 0.259428 0.262143 0.262029 0.258311 0.250065 0.236253 0.215825 0.187954 0.152484 0.110721 0.0661532 0.0255702 0.00369985 
0.000100348 0.0007315 0.00207747 0.00396188 0.00634 0.0091824 0.0124637 0.0161669 0.0202805 0.0247972 0.029713 0.0350258 0.0407355 0.0468427 0.0533485 0.0602533 0.0675568 0.0752567 0.0833483 0.0918234 0.10067 0.109871 0.119403 0.129236 0.139333 0.149647 0.160121 0.170688 0.181266 0.19176 0.202055 0.212017 0.221486 0.23027 0.238138 0.244811 0.249951 0.253147 0.253898 0.25161 0.245583 0.235036 0.219156 0.197229 0.168868 0.134418 0.0955683 0.0558109 0.0210506 0.00292278 
0.000102754 0.000749322 0.00212688 0.00405172 0.006475 0.00936385 0.0126902 0.0164351 0.0205859 0.0251349 0.030078 0.0354135 0.0411418 0.0472641 0.0537819 0.0606964 0.0680071 0.0757117 0.0838048 0.0922771 0.101115 0.110297 0.119798 0.129582 0.139606 0.149816 0.160144 0.170514 0.180831 0.190984 0.200845 0.21026 0.219052 0.22701 0.233888 0.239393 0.243181 0.244845 0.243911 0.239832 0.232002 0.219783 0.202573 0.179939 0.151834 0.118934 0.0831048 0.0476569 0.0176465 0.00238084 
0.000103309 0.000753909 0.0021394 0.00407278 0.00650262 0.00939374 0.0127162 0.0164497 0.0205811 0.0251022 0.0300091 0.0353007 0.040978 0.047043 0.0534979 0.0603444 0.0675827 0.0752105 0.0832221 0.0916073 0.100351 0.10943 0.118814 0.128466 0.138334 0.148359 0.158467 0.168568 0.178559 0.188318 0.197701 0.206542 0.214651 0.221804 0.227745 0.232179 0.234764 0.23511 0.232776 0.227278 0.218103 0.204748 0.186798 0.164047 0.136697 0.10563 0.0727528 0.0411114 0.0150063 0.00198252 
0.000102207 0.000746337 0.00211764 0.00402941 0.00642905 0.00928016 0.0125518 0.0162231 0.0202806 0.0247163 0.0295267 0.0347114 0.0402722 0.0462121 0.0525343 0.0592414 0.0663342 0.073811 0.0816661 0.0898891 0.0984632 0.107365 0.116561 0.126009 0.135655 0.145433 0.155261 0.165044 0.174669 0.184002 0.192891 0.20116 0.208608 0.215006 0.220093 0.223577 0.225126 0.224374 0.220922 0.214347 0.204226 0.190182 0.171953 0.149515 0.123243 0.0941356 0.0640576 0.0357628 0.0129044 0.00167683 
9.96091e-05 0.000727579 0.00206408 0.00392593 0.00626061 0.00903153 0.0122077 0.0157683 0.0197001 0.0239957 0.0286522 0.0336703 0.0390529 0.044804 0.0509283 0.0574295 0.0643094 0.0715671 0.0791976 0.0871905 0.0955287 0.104187 0.113132 0.122317 0.131686 0.141167 0.150675 0.160106 0.169339 0.178236 0.186635 0.194354 0.201185 0.206896 0.211229 0.213896 0.214584 0.212952 0.208643 0.201297 0.190575 0.176206 0.158057 0.136239 0.111248 0.0841309 0.0566655 0.0313167 0.0111918 0.00143389 
9.56471e-05 0.000698499 0.001981 0.00376642 0.00600345 0.00865624 0.0116946 0.0150985 0.0188554 0.0229589 0.0274073 0.0322024 0.0373484 0.0428509 0.0487161 0.054949 0.0615531 0.0685286 0.0758715 0.0835722 0.0916139 0.0999714 0.108609 0.117481 0.126527 0.135672 0.144826 0.153883 0.162715 0.171178 0.179105 0.186309 0.19258 0.197687 0.201373 0.203363 0.203361 0.201055 0.196131 0.188285 0.177253 0.162855 0.145063 0.124086 0.100495 0.0753453 0.0503021 0.0275593 0.00976677 0.00123517 
9.04272e-05 0.000659851 0.00187051 0.00355473 0.00566346 0.00816247 0.0110232 0.0142269 0.0177625 0.0216249 0.0258137 0.0303323 0.0351866 0.040384 0.0459321 0.051838 0.058107 0.0647409 0.0717374 0.079088 0.0867771 0.09478 0.103061 0.111574 0.120257 0.129033 0.13781 0.146478 0.154906 0.162946 0.170429 0.177163 0.18294 0.187529 0.190681 0.192133 0.191607 0.18882 0.183499 0.17539 0.164296 0.150112 0.132889 0.11291 0.0907859 0.0675535 0.0447533 0.0243326 0.00855798 0.00106855 
8.40356e-05 0.000612307 0.00173451 0.00329447 0.00524631 0.0075582 0.0102039 0.0131667 0.0164373 0.0200122 0.023893 0.0280847 0.0325951 0.0374335 0.0426097 0.0481328 0.0540102 0.060246 0.0668399 0.0737854 0.0810687 0.0886663 0.0965442 0.104655 0.112939 0.121318 0.129698 0.137968 0.145995 0.153628 0.160698 0.167012 0.172363 0.176524 0.179255 0.180302 0.17941 0.176322 0.1708 0.162638 0.151692 0.13792 0.121434 0.102566 0.0819444 0.0605673 0.0398501 0.0215175 0.00751357 0.000925679 
7.65447e-05 0.000556476 0.00157481 0.00298909 0.00475749 0.00685129 0.00924721 0.0119311 0.0148957 0.0181399 0.0216671 0.0254843 0.0296014 0.0340299 0.0387817 0.0438686 0.0493002 0.0550833 0.0612202 0.0677072 0.0745327 0.0816757 0.0891042 0.0967731 0.104623 0.112576 0.120541 0.128404 0.136035 0.14328 0.14997 0.155916 0.16091 0.164732 0.167149 0.167922 0.166811 0.163587 0.158042 0.150011 0.139396 0.126202 0.110588 0.0929146 0.0738128 0.0542295 0.0354573 0.0190224 0.00659487 0.000800546 
6.80184e-05 0.000492934 0.00139314 0.00264202 0.00420252 0.00604965 0.00816371 0.0105335 0.0131544 0.0160275 0.0191584 0.0225564 0.0262336 0.0302037 0.0344812 0.0390803 0.0440136 0.0492908 0.0549174 0.0608928 0.0672088 0.0738477 0.0807806 0.0879652 0.0953445 0.102845 0.110374 0.117822 0.125058 0.131933 0.138276 0.143902 0.148606 0.152174 0.154382 0.155003 0.153813 0.150605 0.1452 0.137465 0.127339 0.114867 0.100235 0.0838243 0.0662514 0.0484067 0.0314651 0.0167752 0.00577223 0.000688652 
5.85188e-05 0.000422261 0.00119129 0.00225675 0.00358706 0.00516153 0.00696449 0.00898801 0.0112304 0.0136953 0.0163905 0.0193277 0.0225212 0.025987 0.0297423 0.0338041 0.0381879 0.0429068 0.04797 0.0533806 0.0591345 0.0652183 0.0716073 0.0782635 0.0851339 0.0921486 0.0992197 0.10624 0.113081 0.119598 0.125623 0.130973 0.135451 0.138846 0.140943 0.141525 0.140386 0.137337 0.13222 0.124932 0.115439 0.103812 0.0902614 0.0751706 0.0591353 0.0429849 0.0277826 0.0147177 0.00502228 0.000586522 
4.81121e-05 0.000345074 0.000971135 0.001837 0.00291718 0.00419574 0.00566142 0.00730988 0.00914248 0.0111654 0.0133889 0.0158269 0.0184958 0.0214143 0.0246019 0.0280784 0.0318629 0.0359718 0.0404183 0.0452101 0.0503478 0.0558232 0.0616168 0.0676965 0.0740146 0.080507 0.087091 0.0936644 0.100105 0.106271 0.112 0.117114 0.12142 0.124716 0.126793 0.127445 0.126479 0.123719 0.11903 0.112326 0.103597 0.0929327 0.0805524 0.0668364 0.0523516 0.0378647 0.0243331 0.0128024 0.00432613 0.000491387 
3.68743e-05 0.000262055 0.000734754 0.00138686 0.00219952 0.0031619 0.00426747 0.00551566 0.00691088 0.00846193 0.0101814 0.0120854 0.0141924 0.0165233 0.0191002 0.0219458 0.0250823 0.0285301 0.0323066 0.0364244 0.0408897 0.0457002 0.0508431 0.0562931 0.0620098 0.0679363 0.0739973 0.0800978 0.0861224 0.0919357 0.0973825 0.102291 0.106474 0.109736 0.111876 0.112698 0.112016 0.109672 0.10554 0.0995515 0.0917106 0.0821178 0.070995 0.0587105 0.0457973 0.0329583 0.0210505 0.0109889 0.00366815 0.000400979 
2.48965e-05 0.000173988 0.00048449 0.0009109 0.00144146 0.00207073 0.00279708 0.00362375 0.0045582 0.00561175 0.00679916 0.00813832 0.00964982 0.0113565 0.0132828 0.015454 0.0178957 0.0206321 0.023685 0.0270726 0.030807 0.0348929 0.0393251 0.0440864 0.0491455 0.0544546 0.0599477 0.0655392 0.0711228 0.0765718 0.0817396 0.0864617 0.0905592 0.0938431 0.0961203 0.0972018 0.0969115 0.0950978 0.0916471 0.0864995 0.079667 0.0712537 0.0614768 0.0506863 0.0393766 0.0281863 0.0178767 0.00924265 0.00303502 0.000313391 
1.22896e-05 8.17798e-05 0.000223019 0.000414315 0.00065135 0.000934254 0.00126637 0.00165471 0.00210966 0.0026448 0.00327676 0.00402506 0.00491185 0.00596166 0.00720094 0.00865749 0.0103598 0.0123358 0.0146122 0.0172125 0.0201555 0.0234536 0.0271103 0.0311179 0.0354555 0.0400865 0.0449564 0.0499913 0.0550966 0.0601566 0.0650354 0.0695784 0.0736153 0.0769653 0.0794426 0.0808648 0.0810623 0.0798895 0.0772384 0.0730533 0.067348 0.0602236 0.0518858 0.0426601 0.0329989 0.0234755 0.0147591 0.00753277 0.00241507 0.000226967 
-8.12267e-07 -1.35156e-05 -4.66008e-05 -9.70284e-05 -0.000161438 -0.000234057 -0.000306613 -0.000368478 -0.000406602 -0.000405437 -0.000346874 -0.000210206 2.78517e-05 0.000393049 0.000913374 0.00161867 0.00254006 0.00370918 0.0051571 0.00691306 0.00900286 0.011447 0.0142586 0.0174409 0.020985 0.0248674 0.0290474 0.0334654 0.0380409 0.0426723 0.0472368 0.051592 0.0555784 0.0590244 0.0617519 0.0635847 0.0643576 0.0639284 0.0621904 0.0590874 0.0546289 0.0489065 0.042108 0.0345293 0.0265764 0.0187563 0.011649 0.00583119 0.00179779 0.00014023 
-1.42489e-05 -0.000110687 -0.000320897 -0.000616517 -0.000986396 -0.00141917 -0.0019018 -0.00242029 -0.00295929 -0.0035017 -0.00402841 -0.00451805 -0.00494678 -0.00528818 -0.00551334 -0.00559092 -0.00548763 -0.00516871 -0.00459884 -0.00374321 -0.00256897 -0.00104699 0.000846114 0.00312565 0.00579628 0.00884942 0.0122606 0.0159869 0.0199654 0.0241114 0.0283184 0.0324589 0.0363869 0.0399417 0.042954 0.0452534 0.0466783 0.0470871 0.0463709 0.0444679 0.0413777 0.0371761 0.0320268 0.0261902 0.0200221 0.0139614 0.00849957 0.00411136 0.00117336 5.18058e-05 
-2.78329e-05 -0.000208356 -0.000595972 -0.00113678 -0.00181188 -0.00260448 -0.00349706 -0.00447263 -0.00551396 -0.00660292 -0.00771997 -0.00884367 -0.0099503 -0.0110135 -0.0120041 -0.01289 -0.0136364 -0.0142061 -0.01456 -0.0146581 -0.0144607 -0.0139298 -0.0130312 -0.0117369 -0.0100272 -0.00789401 -0.00534328 -0.00239815 0.000898738 0.00448328 0.00826887 0.0121466 0.0159868 0.0196425 0.0229549 0.0257603 0.0279 0.029231 0.029639 0.0290519 0.0274541 0.0248989 0.0215198 0.0175355 0.0132472 0.00902274 0.00526452 0.00234725 0.000532204 -3.96321e-05 
-4.13495e-05 -0.000304988 -0.000867516 -0.00164972 -0.00262515 -0.00377189 -0.00506832 -0.00649492 -0.00803313 -0.00966434 -0.0113692 -0.013127 -0.0149147 -0.0167069 -0.0184751 -0.0201871 -0.0218077 -0.0232978 -0.0246154 -0.0257161 -0.0265535 -0.0270813 -0.0272542 -0.0270309 -0.0263757 -0.0252621 -0.0236755 -0.0216165 -0.0191042 -0.0161782 -0.0129011 -0.0093592 -0.00566156 -0.00193783 0.00166632 0.00499585 0.00789519 0.0102191 0.011845 0.0126866 0.0127071 0.0119316 0.0104561 0.00845147 0.00615827 0.00386939 0.00189596 0.000512251 -0.000135384 -0.000135433 
-5.45587e-05 -0.000398896 -0.00113085 -0.0021466 -0.0034125 -0.00490196 -0.00658976 -0.00845443 -0.0104766 -0.0126379 -0.0149198 -0.0173029 -0.0197661 -0.0222854 -0.0248339 -0.0273807 -0.0298907 -0.0323244 -0.0346378 -0.0367828 -0.0387076 -0.0403576 -0.0416772 -0.0426114 -0.0431081 -0.0431211 -0.0426134 -0.0415606 -0.0399545 -0.0378066 -0.0351509 -0.0320459 -0.0285753 -0.0248467 -0.0209882 -0.0171434 -0.0134628 -0.0100939 -0.00716898 -0.00479236 -0.00302687 -0.00188238 -0.00130738 -0.00118647 -0.00134646 -0.00157536 -0.00165764 -0.00142218 -0.000839793 -0.000237044 
-6.71981e-05 -0.000488272 -0.00138097 -0.00261812 -0.00415944 -0.0059742 -0.00803421 -0.0103166 -0.012802 -0.0154727 -0.018312 -0.0213024 -0.0244254 -0.0276596 -0.0309806 -0.0343597 -0.0377635 -0.041153 -0.0444836 -0.0477048 -0.0507605 -0.0535892 -0.0561255 -0.0583013 -0.060048 -0.0612991 -0.0619939 -0.0620805 -0.0615207 -0.0602935 -0.0583996 -0.0558642 -0.0527395 -0.0491049 -0.0450656 -0.0407486 -0.0362957 -0.0318549 -0.0275687 -0.0235617 -0.0199273 -0.0167167 -0.0139309 -0.0115183 -0.00938171 -0.00739802 -0.00545431 -0.0034881 -0.00159271 -0.000346104 
-7.89879e-05 -0.000571215 -0.00161269 -0.00305466 -0.00485095 -0.00696741 -0.00937358 -0.0120459 -0.0149655 -0.0181163 -0.0214836 -0.0250531 -0.0288094 -0.0327348 -0.0368084 -0.0410048 -0.0452935 -0.0496376 -0.0539934 -0.0583097 -0.0625275 -0.0665802 -0.0703938 -0.0738884 -0.0769795 -0.0795807 -0.0816066 -0.0829765 -0.0836193 -0.0834781 -0.082515 -0.080716 -0.0780948 -0.0746954 -0.0705924 -0.0658891 -0.0607131 -0.0552085 -0.0495262 -0.0438117 -0.0381925 -0.0327674 -0.0275978 -0.0227059 -0.0180811 -0.0136999 -0.00956224 -0.00572331 -0.00240794 -0.000464574 
-8.96372e-05 -0.000645776 -0.00182069 -0.00344641 -0.00547183 -0.00786018 -0.0105795 -0.0136063 -0.0169228 -0.020515 -0.0243714 -0.0284811 -0.0328327 -0.0374131 -0.0422058 -0.0471902 -0.0523397 -0.0576214 -0.0629939 -0.0684074 -0.0738022 -0.0791082 -0.0842454 -0.0891238 -0.0936448 -0.0977027 -0.101188 -0.103991 -0.106005 -0.107135 -0.1073 -0.10644 -0.104523 -0.101548 -0.0975502 -0.0926002 -0.0868022 -0.0802893 -0.0732156 -0.0657456 -0.0580428 -0.0502581 -0.042522 -0.0349413 -0.0276053 -0.020604 -0.0140648 -0.00817433 -0.00330264 -0.000594921 
-9.88517e-05 -0.000710007 -0.00199969 -0.0037837 -0.0060071 -0.00863141 -0.0116241 -0.0149622 -0.01863 -0.0226162 -0.0269125 -0.0315124 -0.0364093 -0.0415951 -0.0470591 -0.0527861 -0.0587554 -0.064939 -0.0713005 -0.077793 -0.0843586 -0.0909267 -0.0974137 -0.103722 -0.109742 -0.115351 -0.120417 -0.124801 -0.128363 -0.130965 -0.132479 -0.132795 -0.131826 -0.129519 -0.125857 -0.120865 -0.114612 -0.10721 -0.0988053 -0.089577 -0.0797219 -0.0694462 -0.0589568 -0.0484573 -0.0381524 -0.0282643 -0.0190678 -0.0109007 -0.00429892 -0.000740374 
-0.000106342 -0.000762018 -0.00214462 -0.00405722 -0.00644238 -0.00926094 -0.0124806 -0.0160799 -0.0200453 -0.0243688 -0.0290461 -0.0340753 -0.0394549 -0.0451829 -0.0512548 -0.0576622 -0.0643912 -0.0714208 -0.0787208 -0.0862503 -0.0939554 -0.101768 -0.109605 -0.117364 -0.124928 -0.132161 -0.138912 -0.145015 -0.150297 -0.154578 -0.157682 -0.159442 -0.159711 -0.158371 -0.155343 -0.15059 -0.144132 -0.136041 -0.126444 -0.115521 -0.103495 -0.0906267 -0.0772042 -0.06354 -0.0499721 -0.0368786 -0.0247093 -0.0139814 -0.0054264 -0.000905326 
-0.000111832 -0.000800037 -0.00225074 -0.00425837 -0.00676445 -0.00973024 -0.0131245 -0.0169281 -0.02113 -0.0257259 -0.0307157 -0.0361023 -0.04189 -0.048083 -0.0546837 -0.0616913 -0.0691 -0.076897 -0.0850605 -0.0935574 -0.102341 -0.11135 -0.120502 -0.129699 -0.138819 -0.147717 -0.156229 -0.164166 -0.171325 -0.177488 -0.182428 -0.185922 -0.187756 -0.18774 -0.185715 -0.181572 -0.175256 -0.166783 -0.156236 -0.143777 -0.129641 -0.114134 -0.0976244 -0.0805438 -0.0633837 -0.0467067 -0.0311743 -0.0175236 -0.00672598 -0.00109594 
-0.000115069 -0.000822473 -0.00231384 -0.00437956 -0.00696172 -0.0100231 -0.0135346 -0.0174795 -0.0218502 -0.026646 -0.031871 -0.0375332 -0.0436426 -0.0502097 -0.0572444 -0.064754 -0.0727415 -0.0812037 -0.0901286 -0.0994935 -0.109262 -0.11938 -0.129777 -0.140357 -0.151 -0.161562 -0.171868 -0.181716 -0.190878 -0.199102 -0.206117 -0.211641 -0.215393 -0.217102 -0.216523 -0.213451 -0.207741 -0.19932 -0.188201 -0.174499 -0.158433 -0.140333 -0.120641 -0.0999081 -0.0787987 -0.0580939 -0.0387154 -0.0216772 -0.00825564 -0.00132112 
-0.000115833 -0.000827978 -0.00233044 -0.00441456 -0.00702475 -0.0101265 -0.0136935 -0.0177123 -0.0221784 -0.027095 -0.0324704 -0.0383172 -0.044651 -0.0514888 -0.0588477 -0.0667434 -0.0751881 -0.0841891 -0.0937458 -0.103847 -0.11447 -0.125572 -0.137095 -0.148953 -0.161036 -0.173204 -0.185282 -0.197062 -0.2083 -0.218721 -0.228014 -0.235849 -0.241876 -0.245743 -0.247109 -0.245662 -0.241141 -0.233356 -0.222214 -0.20774 -0.190096 -0.169599 -0.146735 -0.122169 -0.0967469 -0.0715039 -0.0476833 -0.0266558 -0.0100999 -0.00159413 
-0.000113939 -0.000815505 -0.00229792 -0.00435883 -0.00694681 -0.0100311 -0.0135892 -0.0176108 -0.022095 -0.0270484 -0.032483 -0.0384159 -0.0448678 -0.0518614 -0.0594209 -0.0675701 -0.0763308 -0.0857209 -0.0957518 -0.106426 -0.117734 -0.129651 -0.142132 -0.155109 -0.168486 -0.182135 -0.19589 -0.209549 -0.222863 -0.235544 -0.247258 -0.257632 -0.266262 -0.272717 -0.276561 -0.277365 -0.274733 -0.268329 -0.257912 -0.243364 -0.224731 -0.202258 -0.176423 -0.147965 -0.117904 -0.08756 -0.0585701 -0.0327697 -0.0123849 -0.00193542 
-0.000109251 -0.000784373 -0.00221472 -0.0042099 -0.00672442 -0.00973246 -0.0132156 -0.0171674 -0.0215899 -0.0264927 -0.0318912 -0.037806 -0.044262 -0.0512872 -0.0589121 -0.0671678 -0.0760853 -0.0856928 -0.0960142 -0.107066 -0.118854 -0.131372 -0.144592 -0.158468 -0.172924 -0.187851 -0.203104 -0.218494 -0.233785 -0.248689 -0.262866 -0.275919 -0.287404 -0.296829 -0.30367 -0.307381 -0.307426 -0.303299 -0.294567 -0.280914 -0.262194 -0.23849 -0.210182 -0.178004 -0.143106 -0.107094 -0.0720711 -0.0404781 -0.0153049 -0.00237792 
-0.000101676 -0.000734317 -0.00208055 -0.00396768 -0.00635797 -0.00923137 -0.0125742 -0.0163834 -0.0206639 -0.0254276 -0.0306923 -0.0364813 -0.0428226 -0.0497484 -0.0572942 -0.0654978 -0.0743978 -0.0840324 -0.094437 -0.105642 -0.117669 -0.13053 -0.14422 -0.158714 -0.173961 -0.18988 -0.206354 -0.22322 -0.240267 -0.257227 -0.27377 -0.289503 -0.303965 -0.316625 -0.326896 -0.334136 -0.337671 -0.336819 -0.330928 -0.319428 -0.301896 -0.278141 -0.248308 -0.212987 -0.173337 -0.131194 -0.0891688 -0.0504717 -0.0191684 -0.00297754 
-9.11772e-05 -0.000665567 -0.00189659 -0.00363497 -0.00585233 -0.0085351 -0.0116745 -0.0152706 -0.0193305 -0.0238675 -0.0289009 -0.0344553 -0.0405608 -0.0472522 -0.0545688 -0.0625531 -0.0712504 -0.080707 -0.0909685 -0.102078 -0.114073 -0.126982 -0.140822 -0.155594 -0.171274 -0.187813 -0.205129 -0.223094 -0.241537 -0.260226 -0.278866 -0.29709 -0.314451 -0.330419 -0.344377 -0.355623 -0.363378 -0.366802 -0.365025 -0.357188 -0.342518 -0.320426 -0.290641 -0.253395 -0.209624 -0.161217 -0.111236 -0.0638029 -0.0244834 -0.00383577 
-7.77737e-05 -0.000578948 -0.00166585 -0.003218 -0.00521771 -0.00765824 -0.0105355 -0.0138523 -0.0176168 -0.0218429 -0.02655 -0.0317628 -0.037512 -0.0438335 -0.0507684 -0.0583624 -0.0666653 -0.0757293 -0.0856082 -0.0963555 -0.108022 -0.120653 -0.134285 -0.148942 -0.164631 -0.181336 -0.199012 -0.217578 -0.236908 -0.256824 -0.277085 -0.297376 -0.317301 -0.336367 -0.35398 -0.369431 -0.381897 -0.390434 -0.393993 -0.391447 -0.381639 -0.36348 -0.3361 -0.299077 -0.25276 -0.198697 -0.140132 -0.0820844 -0.0321202 -0.00515083 
-6.15612e-05 -0.000476062 -0.00139363 -0.00272725 -0.00447074 -0.00662404 -0.00918729 -0.0121649 -0.0155654 -0.0194019 -0.0236926 -0.0284612 -0.0337372 -0.0395559 -0.0459586 -0.0529918 -0.0607073 -0.0691608 -0.0784114 -0.0885197 -0.0995465 -0.11155 -0.124585 -0.138696 -0.153916 -0.170262 -0.187727 -0.206278 -0.225841 -0.246301 -0.267486 -0.289156 -0.310995 -0.332592 -0.353427 -0.372854 -0.390083 -0.404162 -0.413963 -0.418174 -0.415312 -0.403775 -0.381962 -0.348503 -0.30266 -0.244976 -0.178182 -0.107761 -0.0436243 -0.00733776 
-4.27662e-05 -0.000359642 -0.00108836 -0.00217873 -0.003636 -0.00546606 -0.00767218 -0.0102594 -0.0132353 -0.0166112 -0.0204028 -0.0246313 -0.0293238 -0.0345133 -0.040239 -0.0465461 -0.0534858 -0.0611142 -0.069492 -0.0786835 -0.0887551 -0.0997739 -0.111806 -0.124912 -0.139148 -0.154557 -0.171169 -0.188992 -0.208007 -0.228161 -0.249359 -0.27145 -0.294218 -0.317366 -0.340498 -0.363096 -0.384498 -0.40386 -0.420118 -0.431949 -0.437718 -0.43546 -0.422889 -0.397537 -0.357099 -0.300197 -0.227757 -0.144358 -0.0618056 -0.011314 
-2.18945e-05 -0.000234247 -0.000763086 -0.00159594 -0.00274831 -0.00423043 -0.00604729 -0.00820321 -0.0107037 -0.0135571 -0.016776 -0.0203777 -0.0243856 -0.0288286 -0.0337423 -0.0391682 -0.0451537 -0.0517523 -0.0590226 -0.0670278 -0.0758352 -0.0855145 -0.0961373 -0.107775 -0.120495 -0.134362 -0.149432 -0.165748 -0.183336 -0.202202 -0.22232 -0.243629 -0.26602 -0.289325 -0.313299 -0.337604 -0.361777 -0.385197 -0.407033 -0.42617 -0.44112 -0.449898 -0.449889 -0.437762 -0.409524 -0.361076 -0.289714 -0.196266 -0.0916966 -0.0191232 
-1.0522e-07 -0.00010768 -0.000437945 -0.00101309 -0.00185608 -0.00297911 -0.00438703 -0.00608221 -0.00806721 -0.0103468 -0.0129295 -0.0158284 -0.0190617 -0.0226534 -0.0266333 -0.0310369 -0.0359055 -0.0412863 -0.0472317 -0.0537993 -0.0610514 -0.0690544 -0.0778778 -0.0875935 -0.0982747 -0.109994 -0.122821 -0.136822 -0.152054 -0.168565 -0.186386 -0.205528 -0.225978 -0.247686 -0.270559 -0.294447 -0.319123 -0.344255 -0.369366 -0.39376 -0.416419 -0.435829 -0.449723 -0.454722 -0.445907 -0.416612 -0.359105 -0.26633 -0.141266 -0.0350318 
1.99642e-05 6.32972e-06 -0.000144536 -0.000480204 -0.00102646 -0.00179439 -0.00278688 -0.00400352 -0.00544366 -0.00710848 -0.00900239 -0.0111338 -0.0135155 -0.0161653 -0.0191057 -0.0223642 -0.0259735 -0.0299709 -0.0343989 -0.0393045 -0.0447393 -0.0507593 -0.0574243 -0.0647979 -0.0729465 -0.081939 -0.0918457 -0.102737 -0.114684 -0.127752 -0.142006 -0.157503 -0.17429 -0.192406 -0.211871 -0.232691 -0.254843 -0.278271 -0.302863 -0.328422 -0.354594 -0.380743 -0.405696 -0.427283 -0.441519 -0.441365 -0.415404 -0.346744 -0.219315 -0.0672523 
3.24759e-05 8.37678e-05 6.85299e-05 -6.87922e-05 -0.000350284 -0.000782678 -0.00136572 -0.00209639 -0.00297164 -0.00399002 -0.00515259 -0.00646342 -0.00792986 -0.00956266 -0.0113761 -0.0133879 -0.0156193 -0.0180952 -0.0208438 -0.0238969 -0.0272897 -0.0310611 -0.0352531 -0.0399113 -0.0450842 -0.0508238 -0.0571847 -0.0642243 -0.0720023 -0.0805808 -0.0900236 -0.100397 -0.111767 -0.124206 -0.137788 -0.152592 -0.168709 -0.186245 -0.205329 -0.226122 -0.248822 -0.273652 -0.300792 -0.330166 -0.36086 -0.389646 -0.40831 -0.399016 -0.321914 -0.126815 
2.44345e-05 8.05969e-05 0.000123084 0.000114819 4.57417e-05 -8.44843e-05 -0.000273285 -0.000517346 -0.000813796 -0.00116079 -0.00155776 -0.00200549 -0.00250617 -0.00306342 -0.00368221 -0.00436893 -0.00513134 -0.00597861 -0.00692131 -0.00797145 -0.00914247 -0.0104494 -0.0119086 -0.0135383 -0.0153582 -0.0173898 -0.0196563 -0.0221829 -0.0249966 -0.0281267 -0.0316049 -0.0354656 -0.0397469 -0.0444911 -0.0497469 -0.0555719 -0.0620369 -0.0692339 -0.0772875 -0.0863773 -0.0967743 -0.108907 -0.12348 -0.141669 -0.165382 -0.19729 -0.240722 -0.297884 -0.332864 -0.170508 
